위스키명,브랜드,표시가_USD,마일리지할인율_%,할인가_USD,정상가_USD,할인율_%,누적판매,리뷰수,평점,재고,구매가능,소분류,상품코드,SKU,상품URL
발렌타인 30년 RESTAGE 700ml,발렌타인,312.96705,30.0,424.65,447.0,5.0,5388,51,9.33333333,6,Y,1211:블렌디드 위스키,5086095,046131000048,https://www.shilladfs.com/estore/kr/ko/p/5086095
조니워커 블루 750ml,조니워커,146.642,35.0,215.65,227.0,5.0,7569,36,10.0,6,Y,1211:블렌디드 위스키,287148,046331000002,https://www.shilladfs.com/estore/kr/ko/p/287148
카발란 비노바리끄 솔리스트 1000ml,카발란,138.0,40.0,184.0,230.0,20.0,10888,53,9.69811321,6,Y,1220:싱글몰트 위스키,5101582,249031000005,https://www.shilladfs.com/estore/kr/ko/p/5101582
달모어 45년 700ml,달모어,,,23512.5,24750.0,5.0,14,0,0.0,4,Y,1220:싱글몰트 위스키,5501933,114431000082,https://www.shilladfs.com/estore/kr/ko/p/5501933
티냐넬로 2022 750ml,와인나라,152.07600000000002,17.0,174.8,184.0,5.0,226,1,10.0,6,Y,1221:와인/샴페인,5949584,115431000209,https://www.shilladfs.com/estore/kr/ko/p/5949584
로얄살루트 21년 700ml,로얄살루트,123.22639999999998,30.0,167.2,176.0,5.0,4773,32,9.5,6,Y,1211:블렌디드 위스키,5081230,110231000020,https://www.shilladfs.com/estore/kr/ko/p/5081230
카발란 솔리스트 마데이라 1000ml,카발란,187.2,20.0,187.2,234.0,20.0,941,1,10.0,6,Y,1220:싱글몰트 위스키,5993335,249031000064,https://www.shilladfs.com/estore/kr/ko/p/5993335
오퍼스 원 2022 750ml,오퍼스 원,424.53599999999994,20.0,505.4,532.0,5.0,38,0,0.0,6,Y,1221:와인/샴페인,5891176,287231000025,https://www.shilladfs.com/estore/kr/ko/p/5891176
로얄살루트 32년 500ml,로얄살루트,312.96705,30.0,424.65,447.0,5.0,775,0,0.0,6,Y,1211:블렌디드 위스키,5546709,110231000041,https://www.shilladfs.com/estore/kr/ko/p/5546709
조니워커 블루 1000ml,조니워커,195.09199999999996,35.0,286.9,302.0,5.0,1998,8,8.75,6,Y,1211:블렌디드 위스키,287145,046331000001,https://www.shilladfs.com/estore/kr/ko/p/287145
발렌타인 21년 RESTAGE 700ml,발렌타인,119.0255,30.0,161.5,170.0,5.0,2933,21,9.9047619,6,Y,1211:블렌디드 위스키,5068647,046131000043,https://www.shilladfs.com/estore/kr/ko/p/5068647
발베니 Balvenie 15년 Madeira Cask 700ml,발베니,90.2,45.0,90.2,164.0,45.0,4450,15,9.86666667,6,Y,1220:싱글몰트 위스키,5108416,112231000025,https://www.shilladfs.com/estore/kr/ko/p/5108416
글렌알라키 2007 17년 올로로소 쉐리 펀천 싱글캐스크#2777 700ml,글렌알라키,184.25,45.0,184.25,335.0,45.0,776,3,10.0,6,Y,1220:싱글몰트 위스키,5818667,265631000019,https://www.shilladfs.com/estore/kr/ko/p/5818667
레어 2013 마제스틱 홀스 750ml,와인나라,157.5288,33.0,159.12,234.0,32.0,809,4,10.0,6,Y,1221:와인/샴페인,5893753,115431000207,https://www.shilladfs.com/estore/kr/ko/p/5893753
시그나토리 스페이사이드 (M) 2005 CS 20년 #22 700ml,시그나토리 빈티지,480.0,0.0,480.0,480.0,0.0,160,0,0.0,6,Y,1220:싱글몰트 위스키,5992695,288631000019,https://www.shilladfs.com/estore/kr/ko/p/5992695
글렌알라키 싱글캐스크 19Y 쉐리 벗 #901028 700ml,글렌알라키,253.0,45.0,253.0,460.0,45.0,596,1,8.0,6,Y,1220:싱글몰트 위스키,5818666,265631000020,https://www.shilladfs.com/estore/kr/ko/p/5818666
조셉 펠프스 인시그니아 750ML,조셉펠프스,,,249.6,312.0,20.0,214,2,10.0,0,N,1221:와인/샴페인,5667224,108931000105,https://www.shilladfs.com/estore/kr/ko/p/5667224
케이머스 나파 밸리 카버네 소비뇽 2023 750ml,케이머스,71.0125,38.0,109.25,115.0,5.0,539,0,0.0,6,Y,1221:와인/샴페인,5855099,268331000078,https://www.shilladfs.com/estore/kr/ko/p/5855099
글렌피딕 23년 그랑크뤼 슬림팩 700ml,글렌피딕,194.15,45.0,194.15,353.0,45.0,428,0,0.0,6,Y,1220:싱글몰트 위스키,5855038,082331000064,https://www.shilladfs.com/estore/kr/ko/p/5855038
[면세전용] 달모어 19년 PX 700ml,달모어,,,332.5,350.0,5.0,31,0,0.0,6,Y,1220:싱글몰트 위스키,5928729,114431000118,https://www.shilladfs.com/estore/kr/ko/p/5928729
조니워커 엑스오디네어 750ml,조니워커,144.36200000000002,45.0,248.9,262.0,5.0,549,2,10.0,6,Y,1211:블렌디드 위스키,5479001,046331000084,https://www.shilladfs.com/estore/kr/ko/p/5479001
양허 M6 플러스 500ml,양허,68.97,43.0,68.97,121.0,43.0,2235,14,10.0,6,Y,1216:중국술,5506527,067631000050,https://www.shilladfs.com/estore/kr/ko/p/5506527
조니워커 블루라벨 200ml,조니워커,41.343999999999994,35.0,60.8,64.0,5.0,513,2,10.0,6,Y,1211:블렌디드 위스키,5855845,046331000089,https://www.shilladfs.com/estore/kr/ko/p/5855845
로얄살루트 25년 700ml,로얄살루트,184.83960000000002,30.0,250.8,264.0,5.0,664,3,10.0,6,Y,1211:블렌디드 위스키,4599460,110231000024,https://www.shilladfs.com/estore/kr/ko/p/4599460
오퍼스 원 2021 750ml,오퍼스 원,462.0419999999999,20.0,550.05,579.0,5.0,29,0,0.0,6,Y,1221:와인/샴페인,5891172,287231000026,https://www.shilladfs.com/estore/kr/ko/p/5891172
달모어 King Alexander III TRX 700ml,달모어,,,297.35,313.0,5.0,700,7,10.0,6,Y,1220:싱글몰트 위스키,5125887,114431000079,https://www.shilladfs.com/estore/kr/ko/p/5125887
로얄브라클라 21년 700ml,로얄브라클라,181.83000000000004,48.0,330.6,348.0,5.0,2041,11,9.63636364,6,Y,1220:싱글몰트 위스키,5472422,113531000065,https://www.shilladfs.com/estore/kr/ko/p/5472422
글렌모렌지 시그넷 700ml,글렌모렌지,168.3,15.0,168.3,198.0,15.0,955,1,10.0,0,N,1220:싱글몰트 위스키,5843621,108631000063,https://www.shilladfs.com/estore/kr/ko/p/5843621
카발란 피노 솔리스트 1000ml,카발란,304.0,20.0,304.0,380.0,20.0,3387,12,9.83333333,6,Y,1220:싱글몰트 위스키,5101823,249031000008,https://www.shilladfs.com/estore/kr/ko/p/5101823
카발란 이엑스버번 솔리스트 1000ml,카발란,92.4,40.0,123.2,154.0,20.0,2970,13,10.0,6,Y,1220:싱글몰트 위스키,5101822,249031000003,https://www.shilladfs.com/estore/kr/ko/p/5101822
시그나토리 글렌버기 1995 CS 30년 #203 700ml,시그나토리 빈티지,446.88,20.0,532.0,560.0,5.0,110,0,0.0,6,Y,1220:싱글몰트 위스키,5975689,288631000015,https://www.shilladfs.com/estore/kr/ko/p/5975689
귀주 마오타이주 비천 53% 500ml ,마오타이,260.4,44.0,260.4,465.0,44.0,59,0,0.0,0,N,1216:중국술,5993189,293931000003,https://www.shilladfs.com/estore/kr/ko/p/5993189
파 니엔테 나파 밸리 샤도네이 2024 750ml,파 니엔테,83.22,31.0,114.0,120.0,5.0,169,0,0.0,6,Y,1221:와인/샴페인,5972897,268331000089,https://www.shilladfs.com/estore/kr/ko/p/5972897
벤리악 30년 700ml,벤리악,459.2,44.0,459.2,820.0,44.0,220,1,10.0,6,Y,1220:싱글몰트 위스키,5719581,114931000050,https://www.shilladfs.com/estore/kr/ko/p/5719581
조니워커 킹조지 5세 750ml,조니워커,406.107,42.0,456.3,702.0,35.0,754,3,9.33333333,6,Y,1211:블렌디드 위스키,5082568,046331000050,https://www.shilladfs.com/estore/kr/ko/p/5082568
수정방 750ml,수정방,99.18,45.0,171.0,180.0,5.0,1330,3,10.0,6,Y,1216:중국술,3631230,111331000001,https://www.shilladfs.com/estore/kr/ko/p/3631230
글렌피딕 18년 Vat4 Perpetual 700ml,글렌피딕,88.45,39.0,88.45,145.0,39.0,3948,13,9.23076923,6,Y,1220:싱글몰트 위스키,5105341,082331000042,https://www.shilladfs.com/estore/kr/ko/p/5105341
시그나토리 링크우드 1995 CS 30년 #3 700ml,시그나토리 빈티지,446.88,20.0,532.0,560.0,5.0,167,0,0.0,0,N,1220:싱글몰트 위스키,5975687,288631000014,https://www.shilladfs.com/estore/kr/ko/p/5975687
양허 몽지람 M9 500ml,양허,152.54,42.0,152.54,263.0,42.0,1439,7,10.0,6,Y,1216:중국술,5104690,067631000031,https://www.shilladfs.com/estore/kr/ko/p/5104690
까뮤 XO 보더리 패밀리 리저브 700ml ,까뮤,109.02,54.0,109.02,237.0,54.0,965,4,10.0,6,Y,1213:꼬냑,4423908,070031000024,https://www.shilladfs.com/estore/kr/ko/p/4423908
조니워커 아일랜드 그린 1000ml,조니워커,43.34400000000001,50.0,77.4,86.0,10.0,404,1,10.0,6,Y,1211:블렌디드 위스키,5815246,046331000091,https://www.shilladfs.com/estore/kr/ko/p/5815246
브룩라디 블랙아트 사페로 700ml,브룩라디,,,147.56,238.0,38.0,303,0,0.0,6,Y,1220:싱글몰트 위스키,5884136,085131000114,https://www.shilladfs.com/estore/kr/ko/p/5884136
발베니 Balvenie 18년 Sherry Cask 700ml,발베니,166.2,40.0,166.2,277.0,40.0,5626,35,9.65714286,6,Y,1220:싱글몰트 위스키,5108210,112231000026,https://www.shilladfs.com/estore/kr/ko/p/5108210
레미마틴 엑스오 700ml,레미마틴,123.97500000000001,45.0,213.75,225.0,5.0,1609,14,10.0,6,Y,1213:꼬냑,276047,085131000002,https://www.shilladfs.com/estore/kr/ko/p/276047
시그나토리 글렌리벳 2006 CS 19년 #901018 700ml,시그나토리 빈티지,180.8705,25.0,228.95,241.0,5.0,172,0,0.0,6,Y,1220:싱글몰트 위스키,5976781,288631000017,https://www.shilladfs.com/estore/kr/ko/p/5976781
로얄브라클라 18년 700ml,로얄브라클라,110.26650000000001,50.0,208.05,219.0,5.0,1907,4,10.0,6,Y,1220:싱글몰트 위스키,5268251,113531000063,https://www.shilladfs.com/estore/kr/ko/p/5268251
조니워커 킹조지 5세 500ml,조니워커,257.40000000000003,42.0,286.0,440.0,35.0,255,0,0.0,6,Y,1211:블렌디드 위스키,3334610,046331000025,https://www.shilladfs.com/estore/kr/ko/p/3334610
케이머스 스페셜 셀렉션 카버네 소비뇽 2020 750ml,케이머스,161.49999999999997,35.0,237.5,250.0,5.0,77,0,0.0,6,Y,1221:와인/샴페인,5885468,268331000083,https://www.shilladfs.com/estore/kr/ko/p/5885468
우드포드 리저브 더블 오크 1000ml,우드포드 리저브,41.325,45.0,71.25,75.0,5.0,1844,8,9.75,6,Y,1211:블렌디드 위스키,5088299,114931000024,https://www.shilladfs.com/estore/kr/ko/p/5088299
"스택스 립 와인셀라, CASK23 카베르네소비뇽 2021 750ml",와인나라,291.04200000000003,30.0,393.3,414.0,5.0,203,0,0.0,0,N,1221:와인/샴페인,5739942,115431000199,https://www.shilladfs.com/estore/kr/ko/p/5739942
체르바로 2024 750ml,와인나라,87.78,20.0,104.5,110.0,5.0,80,0,0.0,6,Y,1221:와인/샴페인,5972901,115431000210,https://www.shilladfs.com/estore/kr/ko/p/5972901
메이커스마크 셀러에이지드 2025 700ml,메이커스마크,160.0,0.0,160.0,160.0,0.0,843,1,10.0,0,N,1211:블렌디드 위스키,5796325,109831000036,https://www.shilladfs.com/estore/kr/ko/p/5796325
시그나토리 글렌로티스 1995 캐스크 스트렝스 30년 #6980 700ml,시그나토리 빈티지,420.28000000000003,25.0,532.0,560.0,5.0,158,3,7.33333333,0,N,1220:싱글몰트 위스키,5895331,288631000010,https://www.shilladfs.com/estore/kr/ko/p/5895331
발베니 21년 포트우드 700ml,발베니,246.23999999999998,32.0,342.0,360.0,5.0,403,1,10.0,6,Y,1220:싱글몰트 위스키,5479261,112231000037,https://www.shilladfs.com/estore/kr/ko/p/5479261
더 글렌그란트 18년 700ml,더 글렌그란트,74.12400000000001,48.0,127.8,142.0,10.0,681,0,0.0,6,Y,1220:싱글몰트 위스키,5817221,257131000011,https://www.shilladfs.com/estore/kr/ko/p/5817221
발렌타인 23년 AMERICAN OAK CASKS 700ml,발렌타인,147.0315,30.0,199.5,210.0,5.0,703,3,10.0,6,Y,1211:블렌디드 위스키,4486823,046131000041,https://www.shilladfs.com/estore/kr/ko/p/4486823
라가불린 16년 700ml,라가불린,64.66,47.0,64.66,122.0,47.0,2243,4,10.0,6,Y,1220:싱글몰트 위스키,5358630,111131000020,https://www.shilladfs.com/estore/kr/ko/p/5358630
발베니 12년 Golden Cask 700ml ,발베니,48.8,39.0,48.8,80.0,39.0,4558,10,10.0,6,Y,1220:싱글몰트 위스키,5516907,112231000040,https://www.shilladfs.com/estore/kr/ko/p/5516907
루이 로드레 크리스탈 2016 750ml,루이 로드레 크리스탈,313.87999999999994,34.0,448.4,472.0,5.0,319,0,0.0,6,Y,1221:와인/샴페인,5818992,126931000049,https://www.shilladfs.com/estore/kr/ko/p/5818992
우량예 52% 500ml,우량예,117.0,25.0,117.0,156.0,25.0,1350,6,9.66666667,6,Y,1216:중국술,5478338,067631000025,https://www.shilladfs.com/estore/kr/ko/p/5478338
[면세전용] 달모어 13년 PX 700ml,달모어,,,76.0,80.0,5.0,46,0,0.0,6,Y,1220:싱글몰트 위스키,5928727,114431000116,https://www.shilladfs.com/estore/kr/ko/p/5928727
카발란 올로로소 쉐리 오크 1000ml,카발란,103.19999999999999,40.0,137.6,172.0,20.0,2183,3,10.0,6,Y,1220:싱글몰트 위스키,5101584,249031000011,https://www.shilladfs.com/estore/kr/ko/p/5101584
조니워커 블루라벨 500ml,조니워커,103.35999999999999,35.0,152.0,160.0,5.0,363,1,10.0,6,Y,1211:블렌디드 위스키,5878261,046331000092,https://www.shilladfs.com/estore/kr/ko/p/5878261
시그나토리 글렌그란트 1995 CS 30년 #88230 700ml,시그나토리 빈티지,446.88,20.0,532.0,560.0,5.0,80,0,0.0,6,Y,1220:싱글몰트 위스키,5992694,288631000018,https://www.shilladfs.com/estore/kr/ko/p/5992694
수정방 클래식 52% 500ml,수정방,105.79200000000002,45.0,182.4,192.0,5.0,576,3,6.66666667,6,Y,1216:중국술,5581553,111331000017,https://www.shilladfs.com/estore/kr/ko/p/5581553
파이퍼 하이직 뀌베 브뤼 750ml,와인나라,33.516,20.0,39.9,42.0,5.0,865,1,10.0,6,Y,1221:와인/샴페인,5593493,115431000123,https://www.shilladfs.com/estore/kr/ko/p/5593493
듀어스 더블더블 30년 500ml,듀어스,177.65,48.0,323.0,340.0,5.0,409,4,10.0,6,Y,1211:블렌디드 위스키,5547656,113531000073,https://www.shilladfs.com/estore/kr/ko/p/5547656
글렌피딕 21년 그랑 리제르바 700ml,글렌피딕,145.2,45.0,145.2,264.0,45.0,1864,6,10.0,6,Y,1220:Single Malt Whisky,275686,082331000013,https://www.shilladfs.com/estore/kr/ko/p/275686
[면세전용] 달모어 16년 PX 700ml,달모어,,,156.75,165.0,5.0,28,0,0.0,6,Y,1220:싱글몰트 위스키,5928728,114431000117,https://www.shilladfs.com/estore/kr/ko/p/5928728
까뮤 보더리 로얄 뱅킷 700ml,까뮤,207.48,48.0,207.48,399.0,48.0,147,0,0.0,6,Y,1213:꼬냑,5777599,070031000053,https://www.shilladfs.com/estore/kr/ko/p/5777599
옥토모어 14.3 700ml,브룩라디,,,230.0,230.0,0.0,528,1,10.0,0,N,1220:싱글몰트 위스키,5900471,085131000113,https://www.shilladfs.com/estore/kr/ko/p/5900471
BLADNOCH 16YO 700ml,블라드녹,98.05,47.0,98.05,185.0,47.0,285,3,10.0,6,Y,1220:싱글몰트 위스키,5834298,293331000001,https://www.shilladfs.com/estore/kr/ko/p/5834298
발렌타인 17년 RESTAGE 700ml,발렌타인,65.8141,30.0,89.3,94.0,5.0,1580,18,9.33333333,6,Y,1211:블렌디드 위스키,5068792,046131000042,https://www.shilladfs.com/estore/kr/ko/p/5068792
카발란 포트 솔리스트 1000ml,카발란,130.8,40.0,174.4,218.0,20.0,3589,11,10.0,6,Y,1220:싱글몰트 위스키,5101642,249031000006,https://www.shilladfs.com/estore/kr/ko/p/5101642
와일드 터키 레어브리드 1000ml,와일드터키,36.855000000000004,42.0,56.7,63.0,10.0,1533,4,10.0,6,Y,1211:블렌디드 위스키,5331751,257231000004,https://www.shilladfs.com/estore/kr/ko/p/5331751
루이13 2025 EOY 700ml,루이13,2372.5,35.0,2372.5,3650.0,35.0,7,0,0.0,1,Y,1213:꼬냑,5885913,085131000106,https://www.shilladfs.com/estore/kr/ko/p/5885913
아드벡 21년 700ml,아드벡,330.0,25.0,330.0,440.0,25.0,93,0,0.0,6,Y,1220:싱글몰트 위스키,6013491,108631000048,https://www.shilladfs.com/estore/kr/ko/p/6013491
그라함 30년 750ml,그라함,122.85400000000001,50.0,231.8,244.0,5.0,530,0,0.0,6,Y,1221:와인/샴페인,3346411,154531000004,https://www.shilladfs.com/estore/kr/ko/p/3346411
볼랭저 라 그랑 아네 2015 750ml,볼랭저,175.047,30.0,236.55,249.0,5.0,160,0,0.0,6,Y,1221:와인/샴페인,5804872,292831000003,https://www.shilladfs.com/estore/kr/ko/p/5804872
발렌타인 18년 GLENBURGIE 700ml,발렌타인,66.81,49.0,66.81,131.0,49.0,438,1,10.0,6,Y,1220:싱글몰트 위스키,5524471,046131000057,https://www.shilladfs.com/estore/kr/ko/p/5524471
로얄브라클라 12년 1000ml,로얄브라클라,51.604000000000006,47.0,92.15,97.0,5.0,2108,10,10.0,6,Y,1220:싱글몰트 위스키,5472423,113531000076,https://www.shilladfs.com/estore/kr/ko/p/5472423
로얄살루트 62건 살루트 컬렉선 더 오리지널 리저브 700ml,로얄살루트,2106.3,30.0,2106.3,3009.0,30.0,63,0,0.0,6,Y,1211:블렌디드 위스키,5739769,110231000036,https://www.shilladfs.com/estore/kr/ko/p/5739769
글렌피딕 23년 Grand Cru 700ml,글렌피딕,201.21,43.0,201.21,353.0,43.0,1879,10,9.8,6,Y,1220:싱글몰트 위스키,4554223,082331000035,https://www.shilladfs.com/estore/kr/ko/p/4554223
테일러스 토니 포트 50년 750ml,테일러스 포트 와인,207.48,48.0,207.48,399.0,48.0,189,0,0.0,6,Y,1221:와인/샴페인,5664722,280631000006,https://www.shilladfs.com/estore/kr/ko/p/5664722
볼랭저 RD 2008 750ml,볼랭저,336.0,20.0,336.0,420.0,20.0,207,0,0.0,0,N,1221:와인/샴페인,5804869,292831000005,https://www.shilladfs.com/estore/kr/ko/p/5804869
그라함 20년 750ml,그라함,57.399,50.0,108.3,114.0,5.0,1069,5,9.6,6,Y,1221:와인/샴페인,3658573,154531000003,https://www.shilladfs.com/estore/kr/ko/p/3658573
글렌알라키 15년 (24RB) 700ml,글렌알라키,86.19,49.0,86.19,169.0,49.0,2293,6,9.66666667,6,Y,1220:싱글몰트 위스키,5463432,265631000010,https://www.shilladfs.com/estore/kr/ko/p/5463432
샤또 팔머 2012 750ml,샤토 팔머,441.351,15.0,495.9,522.0,5.0,89,0,0.0,0,N,1221:와인/샴페인,5599685,287231000003,https://www.shilladfs.com/estore/kr/ko/p/5599685
벤로막 21년 700ml,와인나라,175.61700000000002,25.0,222.3,234.0,5.0,602,2,9.0,6,Y,1220:싱글몰트 위스키,5828356,274231000027,https://www.shilladfs.com/estore/kr/ko/p/5828356
로얄살루트 62건 살루트 컬렉션 더 피티드 리저브 700ml,로얄살루트,2340.8,30.0,2340.8,3344.0,30.0,42,0,0.0,0,N,1211:블렌디드 위스키,5739770,110231000038,https://www.shilladfs.com/estore/kr/ko/p/5739770
까뮤 VSOP 프로모션팩 1000ml + 500ml,까뮤,43.2,52.0,43.2,90.0,52.0,567,2,10.0,6,Y,1213:꼬냑,5478125,070031000049,https://www.shilladfs.com/estore/kr/ko/p/5478125
금문 LIQU 금문고량주 22년 600ml,금문고량주,232.15499999999997,40.0,346.5,385.0,10.0,128,3,10.0,6,Y,1216:중국술,5819124,290831000007,https://www.shilladfs.com/estore/kr/ko/p/5819124
레미마틴 엑스오 1000ml,레미마틴,176.32000000000002,45.0,304.0,320.0,5.0,396,0,0.0,0,N,1213:꼬냑,276050,085131000003,https://www.shilladfs.com/estore/kr/ko/p/276050
볼랭저 PN TX 2020 750ml,볼랭저,108.965,30.0,147.25,155.0,5.0,96,0,0.0,6,Y,1221:와인/샴페인,5804874,292831000006,https://www.shilladfs.com/estore/kr/ko/p/5804874
산토리 하쿠슈 DR 700ml,산토리,117.0,0.0,117.0,117.0,0.0,431,0,0.0,6,Y,1211:블렌디드 위스키,5828882,114131000030,https://www.shilladfs.com/estore/kr/ko/p/5828882
글렌피딕 22년 그랑 코르테스 700ml,글렌피딕,198.4,36.0,198.4,310.0,36.0,3158,19,9.78947368,6,Y,1220:싱글몰트 위스키,5479260,082331000053,https://www.shilladfs.com/estore/kr/ko/p/5479260
클라세 아줄 테킬라 골드 750ml,클라세 아줄,243.238,30.0,328.7,346.0,5.0,249,1,10.0,4,Y,1226:스피릿,5502890,282931000003,https://www.shilladfs.com/estore/kr/ko/p/5502890
우량예 경전10 52% 500ml,우량예,273.75,25.0,273.75,365.0,25.0,51,0,0.0,6,Y,1216:중국술,5821968,067631000078,https://www.shilladfs.com/estore/kr/ko/p/5821968
로얄살루트 21년 빈티지 블렌디드 스카치 위스키 700ml,로얄살루트,147.73165,30.0,200.45,211.0,5.0,206,0,0.0,6,Y,1211:블렌디드 위스키,5563229,110231000035,https://www.shilladfs.com/estore/kr/ko/p/5563229
시그나토리 로얄브라클라 2008 캐스크 스트렝스 16년 #2 700ml,시그나토리 빈티지,130.055,30.0,175.75,185.0,5.0,365,3,10.0,0,N,1220:싱글몰트 위스키,5895330,288631000009,https://www.shilladfs.com/estore/kr/ko/p/5895330
맥캘란 GTR12년 700ml,맥캘란,78.85,5.0,78.85,83.0,5.0,627,2,10.0,6,Y,1220:싱글몰트 위스키,5430962,081831000056,https://www.shilladfs.com/estore/kr/ko/p/5430962
더 패밀리 캐스크스 2008_S24 700ml,글렌파클라스,230.84,42.0,230.84,398.0,42.0,172,0,0.0,6,Y,1220:싱글몰트 위스키,5548854,265931000011,https://www.shilladfs.com/estore/kr/ko/p/5548854
와일드터키 마스터스 킵 트라이엄프 750ml,와일드터키,140.0,20.0,140.0,175.0,20.0,255,2,8.0,6,Y,1227:기타 주류,5834602,257231000011,https://www.shilladfs.com/estore/kr/ko/p/5834602
카발란 미니어처 기프트 세트 50ml*4,카발란,46.5,25.0,46.5,62.0,25.0,240,0,0.0,6,Y,1220:싱글몰트 위스키,5943035,249031000059,https://www.shilladfs.com/estore/kr/ko/p/5943035
화요 블랙 53 750ml,화요,31.8,47.0,31.8,60.0,47.0,834,7,9.71428571,6,Y,1224:한국술,3299251,669331000056,https://www.shilladfs.com/estore/kr/ko/p/3299251
시그나토리 글렌그란트 2000 캐스크 스트렝스 25년 #6 700ml,시그나토리 빈티지,422.94,20.0,503.5,530.0,5.0,197,4,10.0,0,N,1220:싱글몰트 위스키,5788001,288631000002,https://www.shilladfs.com/estore/kr/ko/p/5788001
로얄살루트 21년 루나 뉴이어 2026 700ml,로얄살루트,123.22639999999998,30.0,167.2,176.0,5.0,375,2,10.0,6,Y,1211:블렌디드 위스키,5848847,110231000044,https://www.shilladfs.com/estore/kr/ko/p/5848847
보모어 30년 700ml,보모어,,,1495.2,3115.0,52.0,58,0,0.0,1,Y,1220:싱글몰트 위스키,5298204,114231000046,https://www.shilladfs.com/estore/kr/ko/p/5298204
라프로익 PX Cask 1000ml,라프로익,59.28,51.0,114.0,120.0,5.0,1349,2,10.0,6,Y,1220:싱글몰트 위스키,3333183,114131000003,https://www.shilladfs.com/estore/kr/ko/p/3333183
보모어 타임리스 33년 700ml,보모어,,,1484.0,2800.0,47.0,97,0,0.0,0,N,1220:싱글몰트 위스키,5265734,114231000041,https://www.shilladfs.com/estore/kr/ko/p/5265734
발베니 18년 페드로 히메네즈(PX) 셰리 캐스크 빅토 응아이 에디션 700ml,발베니,180.05,35.0,180.05,277.0,35.0,131,0,0.0,6,Y,1220:싱글몰트 위스키,5967021,112231000056,https://www.shilladfs.com/estore/kr/ko/p/5967021
글렌피딕 15년 Vat3 Perpetual 700ml,글렌피딕,54.45,45.0,54.45,99.0,45.0,1816,6,9.33333333,6,Y,1220:싱글몰트 위스키,5105342,082331000041,https://www.shilladfs.com/estore/kr/ko/p/5105342
"스택스 립 와인셀라, 아르테미스 카베르네소비뇽 2021 750ml",와인나라,78.736,30.0,106.4,112.0,5.0,280,0,0.0,6,Y,1221:와인/샴페인,5739940,115431000197,https://www.shilladfs.com/estore/kr/ko/p/5739940
발베니 25년 Rare Marrige 700ml ,발베니,688.62,31.0,688.62,998.0,31.0,463,4,10.0,6,Y,1220:싱글몰트 위스키,5188632,112231000031,https://www.shilladfs.com/estore/kr/ko/p/5188632
샤또 지스꾸르 2019 750ml,샤토 지스꾸르,68.4,29.0,91.2,96.0,5.0,159,0,0.0,6,Y,1221:와인/샴페인,5599677,287231000002,https://www.shilladfs.com/estore/kr/ko/p/5599677
로랑페리에 밀레짐 2018 브뤼 750ml,로랑 페리에,72.96,43.0,121.6,128.0,5.0,37,0,0.0,6,Y,1221:와인/샴페인,5916120,117231000011,https://www.shilladfs.com/estore/kr/ko/p/5916120
듀어스 DEWARS 18년 1000ml,듀어스,55.385000000000005,48.0,100.7,106.0,5.0,1238,7,9.42857143,0,N,1211:블렌디드 위스키,5268156,113531000057,https://www.shilladfs.com/estore/kr/ko/p/5268156
까뮤 EXTRA 730ml,까뮤,217.5,42.0,217.5,375.0,42.0,118,1,10.0,6,Y,1213:꼬냑,5768049,070031000052,https://www.shilladfs.com/estore/kr/ko/p/5768049
아르망 드 브리냑 브뤼 그린 750ml,아르망 드 브리냑,,,261.0,348.0,25.0,9,0,0.0,6,Y,1221:와인/샴페인,5987513,108931000124,https://www.shilladfs.com/estore/kr/ko/p/5987513
조니워커 XR 21년 750ml,조니워커,75.60000000000001,46.0,84.0,140.0,40.0,300,0,0.0,6,Y,1211:Blended Whisky,287166,046331000024,https://www.shilladfs.com/estore/kr/ko/p/287166
까뮤 XO 프레스티지 프로모션팩 700ml+30ml,까뮤,104.94,47.0,104.94,198.0,47.0,390,0,0.0,6,Y,1213:꼬냑,5591547,070031000050,https://www.shilladfs.com/estore/kr/ko/p/5591547
파 니엔테 나파 밸리 카버네 소비뇽 2022 750ml,파 니엔테,142.11999999999998,35.0,209.0,220.0,5.0,207,0,0.0,6,Y,1221:와인/샴페인,5790189,268331000074,https://www.shilladfs.com/estore/kr/ko/p/5790189
라프로익 33년 스트롱캐릭터즈 700ml,라프로익,626.4,42.0,626.4,1080.0,42.0,190,0,0.0,0,N,1220:싱글몰트 위스키,5513344,114131000040,https://www.shilladfs.com/estore/kr/ko/p/5513344
몰트락 26년(Special Releas) 700ml,몰트락,1228.5,35.0,1228.5,1890.0,35.0,27,0,0.0,0,N,1220:싱글몰트 위스키,5704239,111231000022,https://www.shilladfs.com/estore/kr/ko/p/5704239
파이퍼하이직 빈티지 2018 750ml,와인나라,57.024,37.0,57.6,90.0,36.0,270,1,10.0,6,Y,1221:와인/샴페인,5937069,115431000208,https://www.shilladfs.com/estore/kr/ko/p/5937069
아벨라워 아부나흐 700ml,발렌타인,68.8275,40.0,109.25,115.0,5.0,268,0,0.0,6,Y,1220:싱글몰트 위스키,5887242,046131000068,https://www.shilladfs.com/estore/kr/ko/p/5887242
글렌스코시아 32년 Limted edition 700ml,글렌 스코시아,1111.95,37.0,1111.95,1765.0,37.0,44,0,0.0,0,N,1220:싱글몰트 위스키,5267813,265131000003,https://www.shilladfs.com/estore/kr/ko/p/5267813
국교 1573 선물세트 52% 375ml,국교1573,64.8,40.0,64.8,108.0,40.0,117,0,0.0,0,N,1216:중국술,5669474,284531000004,https://www.shilladfs.com/estore/kr/ko/p/5669474
클라세 아줄 테킬라 레포사도  500ml,클라세 아줄,127.946,30.0,172.9,182.0,5.0,520,1,10.0,6,Y,1226:스피릿,5597485,282931000005,https://www.shilladfs.com/estore/kr/ko/p/5597485
브룩라디 21년 700ml,브룩라디,,,151.25,275.0,45.0,627,0,0.0,6,Y,1220:싱글몰트 위스키,5386813,085131000083,https://www.shilladfs.com/estore/kr/ko/p/5386813
까뮤 XO 보더리 패밀리 리저브 1000ml ,까뮤,151.34,54.0,151.34,329.0,54.0,328,1,10.0,6,Y,1213:꼬냑,5605320,070031000022,https://www.shilladfs.com/estore/kr/ko/p/5605320
마텔 XO 1000ml,마텔,210.9,43.0,351.5,370.0,5.0,125,0,0.0,6,Y,1213:꼬냑,5070726,110631000004,https://www.shilladfs.com/estore/kr/ko/p/5070726
"하이츠 셀라, 마르타스 빈야드 카베르네 소비뇽 2018 750ml",하이츠 셀라,258.704,30.0,349.6,368.0,5.0,83,0,0.0,6,Y,1221:와인/샴페인,5705512,288831000004,https://www.shilladfs.com/estore/kr/ko/p/5705512
로랑 페리에 뀌베 로제 브륏 750ml,로랑 페리에,87.058,45.0,150.1,158.0,5.0,411,2,9.0,6,Y,1221:와인/샴페인,3316821,117231000002,https://www.shilladfs.com/estore/kr/ko/p/3316821
보모어 19년 700ml,보모어,,,112.2,204.0,45.0,451,0,0.0,6,Y,1220:싱글몰트 위스키,5524533,114231000054,https://www.shilladfs.com/estore/kr/ko/p/5524533
돔 페리뇽 블랑 2017 750ml,돔 페리뇽,,,198.0,220.0,10.0,58,0,0.0,0,N,1221:와인/샴페인,5987971,108931000130,https://www.shilladfs.com/estore/kr/ko/p/5987971
로얄 브라클라 25년 700ml,로얄브라클라,495.0,45.0,495.0,900.0,45.0,485,2,10.0,6,Y,1220:싱글몰트 위스키,5560830,113531000081,https://www.shilladfs.com/estore/kr/ko/p/5560830
더 글렌그란트 21년 700ml,더 글렌그란트,174.08,49.0,272.0,340.0,20.0,946,5,10.0,6,Y,1220:싱글몰트 위스키,5300501,257131000006,https://www.shilladfs.com/estore/kr/ko/p/5300501
조셉 펠프스 까베르네 소비뇽 750ml,조셉펠프스,,,81.6,102.0,20.0,17,0,0.0,6,Y,1221:와인/샴페인,5987771,108931000106,https://www.shilladfs.com/estore/kr/ko/p/5987771
고운달43도 500ml,케이전통주,83.79,43.0,139.65,147.0,5.0,41,0,0.0,3,Y,1224:한국술,5717214,955331000014,https://www.shilladfs.com/estore/kr/ko/p/5717214
맥캘란 GTR18년 700ml,맥캘란,335.35,5.0,335.35,353.0,5.0,437,1,8.0,6,Y,1220:싱글몰트 위스키,5430959,081831000053,https://www.shilladfs.com/estore/kr/ko/p/5430959
로얄살루트 21년 1000ml,로얄살루트,175.73765,30.0,238.45,251.0,5.0,922,3,10.0,6,Y,1211:블렌디드 위스키,5170470,110231000019,https://www.shilladfs.com/estore/kr/ko/p/5170470
달모어 시가몰트 리저브 700ml,달모어,,,118.75,125.0,5.0,27,0,0.0,6,Y,1220:싱글몰트 위스키,5928730,114431000119,https://www.shilladfs.com/estore/kr/ko/p/5928730
고운달오크 500ml,케이전통주,142.5,43.0,237.5,250.0,5.0,49,0,0.0,5,Y,1224:한국술,5717423,955331000016,https://www.shilladfs.com/estore/kr/ko/p/5717423
맥캘란 GTR15년 700ml,맥캘란,159.6,5.0,159.6,168.0,5.0,361,1,10.0,6,Y,1220:싱글몰트 위스키,5430961,081831000054,https://www.shilladfs.com/estore/kr/ko/p/5430961
"스택스 립 와인셀라, FAY 카베르네소비뇽 2020 750ml",와인나라,168.72,30.0,228.0,240.0,5.0,187,0,0.0,6,Y,1221:와인/샴페인,5739941,115431000198,https://www.shilladfs.com/estore/kr/ko/p/5739941
글렌모렌지 인피니타 18년 700ml,글렌모렌지,90.0,25.0,90.0,120.0,25.0,624,1,6.0,6,Y,1220:싱글몰트 위스키,5713332,108631000047,https://www.shilladfs.com/estore/kr/ko/p/5713332
우량예 2026월드컵 에디션 52% 500ml,우량예,111.75,25.0,111.75,149.0,25.0,47,0,0.0,6,Y,1216:중국술,5968417,067631000083,https://www.shilladfs.com/estore/kr/ko/p/5968417
로랑 페리에 블랑 드 블랑 750ml,로랑 페리에,103.03700000000002,45.0,177.65,187.0,5.0,370,0,0.0,6,Y,1221:와인/샴페인,5114507,117231000009,https://www.shilladfs.com/estore/kr/ko/p/5114507
보모어 22년 700ml,보모어,,,207.48,399.0,48.0,441,0,0.0,6,Y,1220:싱글몰트 위스키,5524534,114231000055,https://www.shilladfs.com/estore/kr/ko/p/5524534
발렌타인 15년 GLENBURGIE 700ml,발렌타인,39.69,51.0,39.69,81.0,51.0,352,0,0.0,6,Y,1220:싱글몰트 위스키,5499394,046131000056,https://www.shilladfs.com/estore/kr/ko/p/5499394
"다나 에스테이트, 바소 카베르네 소비뇽 2021 750ml",에노테카,79.92,33.0,108.0,120.0,10.0,73,0,0.0,6,Y,1221:와인/샴페인,5916220,126931000053,https://www.shilladfs.com/estore/kr/ko/p/5916220
카발란 올로로소 쉐리 솔리스트 1000ml,카발란,171.0,10.0,171.0,190.0,10.0,2550,4,9.5,0,N,1220:싱글몰트 위스키,5101467,249031000004,https://www.shilladfs.com/estore/kr/ko/p/5101467
볼랭저 라 그랑 아네 로제 2015 750ml,볼랭저,210.197,30.0,284.05,299.0,5.0,74,0,0.0,6,Y,1221:와인/샴페인,5804873,292831000004,https://www.shilladfs.com/estore/kr/ko/p/5804873
금문 LIQU 금문고량주 15년 600ml,금문고량주,140.49899999999997,40.0,209.7,233.0,10.0,72,1,10.0,5,Y,1216:중국술,5819129,290831000006,https://www.shilladfs.com/estore/kr/ko/p/5819129
글렌피딕 30년 Time Series 700ml ,글렌피딕,825.0,45.0,825.0,1500.0,45.0,217,1,10.0,0,N,1220:싱글몰트 위스키,5188729,082331000048,https://www.shilladfs.com/estore/kr/ko/p/5188729
뵈브 클리코 로제 750ml,뵈브 클리코,,,45.5,65.0,30.0,153,0,0.0,0,N,1221:와인/샴페인,5843620,108931000108,https://www.shilladfs.com/estore/kr/ko/p/5843620
페넬로페 리오 750ml,페닐로페,163.2,20.0,163.2,204.0,20.0,149,0,0.0,6,Y,1220:싱글몰트 위스키,5905723,287531000012,https://www.shilladfs.com/estore/kr/ko/p/5905723
카발란 모스카텔 쉐리 솔리스트 750ml,카발란,272.0,15.0,272.0,320.0,15.0,2698,6,10.0,0,N,1220:싱글몰트 위스키,5101583,249031000007,https://www.shilladfs.com/estore/kr/ko/p/5101583
산토리 Chita 700ml,산토리,33.58,54.0,33.58,73.0,54.0,568,3,9.33333333,6,Y,1211:블렌디드 위스키,3740701,114131000009,https://www.shilladfs.com/estore/kr/ko/p/3740701
글렌알라키 18Y(24RB) 700mL,글렌알라키,180.21499999999997,34.0,257.45,271.0,5.0,371,0,0.0,6,Y,1220:싱글몰트 위스키,5691284,265631000015,https://www.shilladfs.com/estore/kr/ko/p/5691284
샴페인 빌까르 살몽 르 리저브 750ml,빌까르 살몽,58.13999999999999,35.0,85.5,90.0,5.0,57,0,0.0,6,Y,1221:와인/샴페인,5874269,268331000081,https://www.shilladfs.com/estore/kr/ko/p/5874269
패트론 아네호 1000ml,패트론,50.008,47.0,89.3,94.0,5.0,352,4,10.0,6,Y,1226:스피릿,3332123,122131000002,https://www.shilladfs.com/estore/kr/ko/p/3332123
보모어 16년 700ml,보모어,,,60.5,110.0,45.0,505,1,10.0,6,Y,1220:싱글몰트 위스키,5524532,114231000053,https://www.shilladfs.com/estore/kr/ko/p/5524532
금문 LIQU 금문고량주 12년 600ml,금문고량주,99.49499999999999,40.0,148.5,165.0,10.0,47,1,10.0,0,N,1216:중국술,5819123,290831000005,https://www.shilladfs.com/estore/kr/ko/p/5819123
그르기치 힐스 나파 밸리 샤도네이 2022 750ml,그르기치 힐스,41.989999999999995,35.0,61.75,65.0,5.0,177,0,0.0,6,Y,1221:와인/샴페인,5790188,268331000075,https://www.shilladfs.com/estore/kr/ko/p/5790188
문배술 명작 500ml,케이전통주,58.709999999999994,43.0,97.85,103.0,5.0,40,0,0.0,0,N,1224:한국술,5717213,955331000012,https://www.shilladfs.com/estore/kr/ko/p/5717213
글렌알라키 12년 (24RB) 700ml,글렌알라키,53.660500000000006,50.0,90.95,107.0,15.0,548,0,0.0,6,Y,1220:싱글몰트 위스키,5463343,265631000009,https://www.shilladfs.com/estore/kr/ko/p/5463343
브룩라디 블랙아트 11 700ml,브룩라디,,,360.0,450.0,20.0,466,1,4.0,0,N,1220:싱글몰트 위스키,5610610,085131000085,https://www.shilladfs.com/estore/kr/ko/p/5610610
카노스케 싱글몰트 2026 리미티드 700ml,카노스케,119.69999999999999,20.0,142.5,150.0,5.0,63,0,0.0,6,Y,1220:싱글몰트 위스키,5936485,288631000012,https://www.shilladfs.com/estore/kr/ko/p/5936485
로랑 페리에 드미섹 750ml,로랑 페리에,47.309999999999995,43.0,78.85,83.0,5.0,210,0,0.0,6,Y,1221:와인/샴페인,5071009,117231000005,https://www.shilladfs.com/estore/kr/ko/p/5071009
아르망 드 브리냑 브룻 골드 750ml,아르망 드 브리냑,,,232.0,290.0,20.0,188,0,0.0,0,N,1221:와인/샴페인,5713336,108931000120,https://www.shilladfs.com/estore/kr/ko/p/5713336
샴페인 빌까르 살몽 르 수 부아 750ml,빌까르 살몽,93.66999999999999,35.0,137.75,145.0,5.0,19,0,0.0,6,Y,1221:와인/샴페인,5952348,268331000086,https://www.shilladfs.com/estore/kr/ko/p/5952348
GLENGOINE 15yo PX Edition 700ml,글렌고인,84.36,30.0,114.0,120.0,5.0,280,1,10.0,6,Y,1220:싱글몰트 위스키,5865405,294531000002,https://www.shilladfs.com/estore/kr/ko/p/5865405
듀어스 더블더블 26년 500ml,듀어스,124.87750000000001,48.0,227.05,239.0,5.0,301,2,10.0,0,N,1211:블렌디드 위스키,5547655,113531000072,https://www.shilladfs.com/estore/kr/ko/p/5547655
로랑 페리에 브륏 750ml,로랑 페리에,47.309999999999995,43.0,78.85,83.0,5.0,426,3,10.0,0,N,1221:와인/샴페인,5071005,117231000001,https://www.shilladfs.com/estore/kr/ko/p/5071005
글렌파클라스 25년 700ml,글렌파클라스,226.8,40.0,226.8,378.0,40.0,524,0,0.0,6,Y,1220:싱글몰트 위스키,5226626,265931000005,https://www.shilladfs.com/estore/kr/ko/p/5226626
시바스리갈 18년산 700ml,시바스리갈,61.61319999999999,30.0,83.6,88.0,5.0,279,0,0.0,6,Y,1211:블렌디드 위스키,5573453,110331000034,https://www.shilladfs.com/estore/kr/ko/p/5573453
쿠르부아지에 XO 1000ml,쿠르부아지에,130.0,50.0,130.0,260.0,50.0,71,0,0.0,6,Y,1213:꼬냑,5508340,109731000036,https://www.shilladfs.com/estore/kr/ko/p/5508340
쿠르부아지에 XO 700ml,쿠르부아지에,93.67000000000002,45.0,161.5,170.0,5.0,133,0,0.0,6,Y,1213:꼬냑,5508586,109731000035,https://www.shilladfs.com/estore/kr/ko/p/5508586
프라팡 샤또 퐁피뇨 XO 700ml,프라팡,109.82,35.0,161.5,170.0,5.0,130,0,0.0,6,Y,1213:꼬냑,5515185,268331000045,https://www.shilladfs.com/estore/kr/ko/p/5515185
잭다니엘 Tennessee Apple 1000ml,잭다니엘,16.9575,52.0,33.25,35.0,5.0,559,15,9.2,6,Y,1211:블렌디드 위스키,5303578,114931000044,https://www.shilladfs.com/estore/kr/ko/p/5303578
글렌알라키 21년 배치5 700mL,글렌알라키,513.114,20.0,610.85,643.0,5.0,331,0,0.0,0,N,1220:싱글몰트 위스키,5744499,265631000016,https://www.shilladfs.com/estore/kr/ko/p/5744499
페리에 주에 그랑브뤼 750ml,페리에 주에,44.992,30.0,60.8,64.0,5.0,180,1,8.0,6,Y,1221:와인/샴페인,5834766,292731000001,https://www.shilladfs.com/estore/kr/ko/p/5834766
로얄살루트 마이애미 폴로 에디션 700ml,로얄살루트,147.73165,30.0,200.45,211.0,5.0,372,1,10.0,6,Y,1211:블렌디드 위스키,5563230,110231000040,https://www.shilladfs.com/estore/kr/ko/p/5563230
에드라두어 2001 CS 21년 700ml,에드라두어,472.815,25.0,598.5,630.0,5.0,144,0,0.0,6,Y,1220:싱글몰트 위스키,5936484,288631000011,https://www.shilladfs.com/estore/kr/ko/p/5936484
오타드 XO Gold 1000ml,오타드,112.86000000000001,49.0,198.0,220.0,10.0,31,0,0.0,6,Y,1213:꼬냑,5070751,113331000004,https://www.shilladfs.com/estore/kr/ko/p/5070751
NEW 올트모어 18년 (마데이라) 500ml,올트모어,65.3125,48.0,118.75,125.0,5.0,305,2,9.0,1,Y,1220:싱글몰트 위스키,5560831,113531000087,https://www.shilladfs.com/estore/kr/ko/p/5560831
"루이로드레, 컬렉션 246 750ml",에노테카,58.339499999999994,34.0,84.55,89.0,5.0,54,0,0.0,6,Y,1221:와인/샴페인,5969506,126931000054,https://www.shilladfs.com/estore/kr/ko/p/5969506
보모어 24년 프랭크 콰이어틀리 4 700ml,보모어,,,295.8,510.0,42.0,694,6,10.0,0,N,1220:싱글몰트 위스키,5489102,114231000048,https://www.shilladfs.com/estore/kr/ko/p/5489102
패트론 엘 알토 750ml,패트론,104.2245,50.0,196.65,207.0,5.0,89,0,0.0,6,Y,1226:스피릿,5489868,122131000017,https://www.shilladfs.com/estore/kr/ko/p/5489868
하이랜드 파크 WOLF 14년 1000ml ,하이랜드 파크,47.7,52.0,90.0,100.0,10.0,213,0,0.0,6,Y,1220:싱글몰트 위스키,5145172,112031000019,https://www.shilladfs.com/estore/kr/ko/p/5145172
메이커스 마크 케스크 스트랭스 700ml,메이커스마크,44.308,50.0,83.6,88.0,5.0,461,0,0.0,0,N,1211:블렌디드 위스키,5125106,109831000025,https://www.shilladfs.com/estore/kr/ko/p/5125106
주라 28년 700ml,주라,395.352,35.0,581.4,612.0,5.0,95,0,0.0,0,N,1220:싱글몰트 위스키,5166849,114431000046,https://www.shilladfs.com/estore/kr/ko/p/5166849
클라세 아줄 테킬라 아네호 750ml,클라세 아줄,626.373,30.0,846.45,891.0,5.0,119,0,0.0,3,Y,1226:스피릿,5502891,282931000004,https://www.shilladfs.com/estore/kr/ko/p/5502891
사시까이야 2022 750ml,에노테카,288.0,10.0,288.0,320.0,10.0,163,0,0.0,0,N,1221:와인/샴페인,5880726,126931000052,https://www.shilladfs.com/estore/kr/ko/p/5880726
발렌타인 21년 500ml,발렌타인,84.71815,30.0,114.95,121.0,5.0,146,0,0.0,6,Y,1211:블렌디드 위스키,5900540,046131000065,https://www.shilladfs.com/estore/kr/ko/p/5900540
올트모어 23년 CS 한정판 (화이트포트) 700ml,올트모어,321.86,47.0,574.75,605.0,5.0,216,1,10.0,1,Y,1220:싱글몰트 위스키,5337038,113531000078,https://www.shilladfs.com/estore/kr/ko/p/5337038
페리에 주에 블라종 로제 750ml,페리에 주에,52.725,30.0,71.25,75.0,5.0,118,0,0.0,6,Y,1221:와인/샴페인,5834771,292731000003,https://www.shilladfs.com/estore/kr/ko/p/5834771
글렌카담 25년 700ml,글렌카담,417.75300000000004,40.0,663.1,698.0,5.0,223,4,10.0,0,N,1220:싱글몰트 위스키,5358801,276531000004,https://www.shilladfs.com/estore/kr/ko/p/5358801
펜폴즈 그랜지 시라즈 750ml,펜폴즈,555.52,44.0,555.52,992.0,44.0,165,1,10.0,6,Y,1221:와인/샴페인,5070860,195231000014,https://www.shilladfs.com/estore/kr/ko/p/5070860
쿠르부아지에 엑스트라 700ml,쿠르부아지에,276.165,52.0,541.5,570.0,5.0,69,1,10.0,6,Y,1213:꼬냑,5508491,109731000037,https://www.shilladfs.com/estore/kr/ko/p/5508491
부쉬밀 18년 트리플 캐스크 700ml,부쉬밀,77.0,45.0,77.0,140.0,45.0,154,2,10.0,2,Y,1220:싱글몰트 위스키,5818225,130531000025,https://www.shilladfs.com/estore/kr/ko/p/5818225
까뮤 VSOP 보더리 1000ml,까뮤,48.0,52.0,48.0,100.0,52.0,521,1,10.0,6,Y,1213:꼬냑,3347365,070031000011,https://www.shilladfs.com/estore/kr/ko/p/3347365
클라우디 베이 테 코코 750ml,클라우디 베이,,,58.5,78.0,25.0,114,0,0.0,6,Y,1221:와인/샴페인,5454348,108931000082,https://www.shilladfs.com/estore/kr/ko/p/5454348
테일러 2003 빈티지 포트 750ml,테일러스 포트 와인,81.282,41.0,131.1,138.0,5.0,164,0,0.0,0,N,1221:와인/샴페인,5550055,280631000004,https://www.shilladfs.com/estore/kr/ko/p/5550055
에버펠디 25년 700ml,에버펠디,329.175,40.0,522.5,550.0,5.0,181,0,0.0,2,Y,1220:싱글몰트 위스키,5460729,113531000077,https://www.shilladfs.com/estore/kr/ko/p/5460729
주라 1993 700ml,주라,517.0,45.0,517.0,940.0,45.0,53,0,0.0,6,Y,1220:싱글몰트 위스키,5125161,114431000077,https://www.shilladfs.com/estore/kr/ko/p/5125161
기원 코리안 트래블 익스클루시브 700ml,기원 위스키,70.8,40.0,70.8,118.0,40.0,37,0,0.0,6,Y,1220:싱글몰트 위스키,5980805,922031000011,https://www.shilladfs.com/estore/kr/ko/p/5980805
TAMDHU Gran Reserva 700ml,탐두,168.66299999999998,37.0,255.55,269.0,5.0,353,1,10.0,6,Y,1220:싱글몰트 위스키,5865408,294531000007,https://www.shilladfs.com/estore/kr/ko/p/5865408
로얄살루트 21년 LNY25 700ml,로얄살루트,123.22639999999998,30.0,167.2,176.0,5.0,45,0,0.0,6,Y,1211:블렌디드 위스키,5661900,110231000037,https://www.shilladfs.com/estore/kr/ko/p/5661900
라프로익 포트우드 2023 700ml,라프로익,86.944,51.0,167.2,176.0,5.0,348,2,10.0,4,Y,1220:싱글몰트 위스키,5298064,114131000036,https://www.shilladfs.com/estore/kr/ko/p/5298064
"패트론 실버 1,000ML",패트론,40.612500000000004,46.0,71.25,75.0,5.0,117,1,10.0,6,Y,1226:스피릿,3704373,122131000003,https://www.shilladfs.com/estore/kr/ko/p/3704373
샤또 디켐 2006 750ml,샤토 디켐,443.754,20.0,498.6,554.0,10.0,229,0,0.0,0,N,1221:와인/샴페인,5599688,287231000010,https://www.shilladfs.com/estore/kr/ko/p/5599688
달모어 포트폴리오 시리즈 2007년 700ml,달모어,,,492.9,930.0,47.0,31,0,0.0,0,N,1220:싱글몰트 위스키,5524986,114431000113,https://www.shilladfs.com/estore/kr/ko/p/5524986
아르망 드 브리냑 브뤼 로제 750ml,아르망 드 브리냑,,,486.75,649.0,25.0,7,0,0.0,6,Y,1221:와인/샴페인,5988067,108931000073,https://www.shilladfs.com/estore/kr/ko/p/5988067
발베니 11년 헝가리안 캐스크 700ml,발베니,60.5,45.0,60.5,110.0,45.0,698,3,9.33333333,6,Y,1220:싱글몰트 위스키,5526820,112231000036,https://www.shilladfs.com/estore/kr/ko/p/5526820
조니워커 블랙 1000ml,조니워커,30.324000000000005,46.0,53.2,56.0,5.0,998,8,10.0,6,Y,1211:블렌디드 위스키,26127,046331000006,https://www.shilladfs.com/estore/kr/ko/p/26127
더 패밀리 캐스크스 2004_S24 700ml,글렌파클라스,325.584,35.0,478.8,504.0,5.0,295,0,0.0,0,N,1220:싱글몰트 위스키,5548856,265931000013,https://www.shilladfs.com/estore/kr/ko/p/5548856
조니워커 골드 리저브 1000ml,조니워커,45.144000000000005,49.0,79.2,88.0,10.0,124,2,9.0,6,Y,1211:블렌디드 위스키,5667234,046331000062,https://www.shilladfs.com/estore/kr/ko/p/5667234
페닐로페 로제 케스크 750ml,페닐로페,31.15,65.0,31.15,89.0,65.0,97,1,10.0,6,Y,1227:기타 주류,5680553,287531000001,https://www.shilladfs.com/estore/kr/ko/p/5680553
옥토모어 16.3 700ml,브룩라디,,,230.0,230.0,0.0,364,0,0.0,6,Y,1220:싱글몰트 위스키,5934209,085131000117,https://www.shilladfs.com/estore/kr/ko/p/5934209
류카 뉴본 2026 700ml,류카,108.3,10.0,114.0,120.0,5.0,83,0,0.0,6,Y,1220:싱글몰트 위스키,5975688,288631000016,https://www.shilladfs.com/estore/kr/ko/p/5975688
벤리악 25년 1997 캐스크 에디션 700ml,벤리악,250.8,48.0,456.0,480.0,5.0,830,14,9.71428571,0,N,1220:싱글몰트 위스키,5337400,114931000049,https://www.shilladfs.com/estore/kr/ko/p/5337400
시그나토리 쿨일라 2007 캐스크 스트렝스 17년 #3 700ml,시그나토리 빈티지,224.0,30.0,224.0,320.0,30.0,132,0,0.0,6,Y,1220:싱글몰트 위스키,5895329,288631000008,https://www.shilladfs.com/estore/kr/ko/p/5895329
시그나토리 글렌그란트 1995 CS 30년 #88231 700ml,시그나토리 빈티지,448.0,20.0,448.0,560.0,20.0,170,0,0.0,6,Y,1220:싱글몰트 위스키,5958380,288631000013,https://www.shilladfs.com/estore/kr/ko/p/5958380
파 니엔테 샤도네이 2023 750ml,파 니엔테,74.28999999999999,35.0,109.25,115.0,5.0,2352,8,9.5,0,N,1221:와인/샴페인,5478124,268331000037,https://www.shilladfs.com/estore/kr/ko/p/5478124
Old Pulteney 25 Years Old 700ml,올드풀트니,546.0,35.0,546.0,840.0,35.0,64,0,0.0,0,N,1220:싱글몰트 위스키,5866020,265831000011,https://www.shilladfs.com/estore/kr/ko/p/5866020
덕혼 나파 밸리 멀롯 2022 750ml,덕혼,51.67999999999999,35.0,76.0,80.0,5.0,168,1,10.0,6,Y,1221:와인/샴페인,5752516,268331000070,https://www.shilladfs.com/estore/kr/ko/p/5752516
빌까르살몽 브뤼 끌로 생 힐레르 07 750ml,빌까르 살몽,432.0,40.0,432.0,720.0,40.0,58,0,0.0,6,Y,1221:와인/샴페인,5517697,268331000050,https://www.shilladfs.com/estore/kr/ko/p/5517697
노주노교 럭키포니 스카이블루 52% 520ml,국교1573,61.6,30.0,61.6,88.0,30.0,7,0,0.0,6,Y,1216:중국술,5982962,284531000015,https://www.shilladfs.com/estore/kr/ko/p/5982962
노주노교 럭키포니 핑크 52% 520ml,국교1573,61.6,30.0,61.6,88.0,30.0,7,0,0.0,6,Y,1216:중국술,5982968,284531000014,https://www.shilladfs.com/estore/kr/ko/p/5982968
토브렉 팩터 2021 750ml,토브렉,86.19,49.0,86.19,169.0,49.0,80,1,10.0,6,Y,1221:와인/샴페인,5523026,284831000002,https://www.shilladfs.com/estore/kr/ko/p/5523026
몽지람 수공반 52% 500ml,양허,107.4,40.0,107.4,179.0,40.0,246,0,0.0,6,Y,1216:중국술,5591546,067631000071,https://www.shilladfs.com/estore/kr/ko/p/5591546
1865 보이저 70년산 바인 750ml,1865 와인,44.459999999999994,43.0,74.1,78.0,5.0,70,0,0.0,6,Y,1221:와인/샴페인,5594809,281231000003,https://www.shilladfs.com/estore/kr/ko/p/5594809
글렌피딕 26년 GC 700ml,글렌피딕,423.6,40.0,423.6,706.0,40.0,1049,8,10.0,6,Y,1220:싱글몰트 위스키,5105340,082331000038,https://www.shilladfs.com/estore/kr/ko/p/5105340
메이커스 마크 101 1000ml,메이커스마크,37.259,50.0,70.3,74.0,5.0,281,0,0.0,6,Y,1211:블렌디드 위스키,5285854,109831000020,https://www.shilladfs.com/estore/kr/ko/p/5285854
요이치 싱글 몰트 그란데 700ml,닛카 위스키,87.78,20.0,104.5,110.0,5.0,257,1,10.0,6,Y,1220:싱글몰트 위스키,5804866,292531000002,https://www.shilladfs.com/estore/kr/ko/p/5804866
헤네시 VSOP 1000ml,헤네시,,,82.4,103.0,20.0,512,0,0.0,6,Y,1213:꼬냑,5388182,086931000100,https://www.shilladfs.com/estore/kr/ko/p/5388182
파이퍼 하이직 에센셜 블랑 드 누아 NV 750ml,와인나라,55.556,35.0,81.7,86.0,5.0,352,0,0.0,6,Y,1221:와인/샴페인,5290631,115431000115,https://www.shilladfs.com/estore/kr/ko/p/5290631
Junpin Xijiu 500ml,시주,85.5855,40.0,135.85,143.0,5.0,48,0,0.0,6,Y,1216:중국술,5798300,284531000006,https://www.shilladfs.com/estore/kr/ko/p/5798300
닷사이 비욘드 720ml,닷사이,,,399.0,399.0,0.0,52,0,0.0,6,Y,1227:기타 주류,5658633,282631000003,https://www.shilladfs.com/estore/kr/ko/p/5658633
글렌파클라스 105 1000ml,글렌파클라스,66.78,47.0,66.78,126.0,47.0,694,0,0.0,6,Y,1220:싱글몰트 위스키,5226622,265931000001,https://www.shilladfs.com/estore/kr/ko/p/5226622
양허 몽지람 말띠 52% 550ml,양허,83.1915,40.0,132.05,139.0,5.0,34,0,0.0,6,Y,1216:중국술,5968418,067631000084,https://www.shilladfs.com/estore/kr/ko/p/5968418
버팔로 트레이스 버번 위스키 1000ml,버팔로 트레이스,18.81,37.0,28.5,30.0,5.0,495,1,10.0,6,Y,1211:블렌디드 위스키,5310223,258231000003,https://www.shilladfs.com/estore/kr/ko/p/5310223
샴페인 빌까르 살몽 르 로제 750ml,빌까르 살몽,89.14799999999998,35.0,131.1,138.0,5.0,47,0,0.0,6,Y,1221:와인/샴페인,5874270,268331000082,https://www.shilladfs.com/estore/kr/ko/p/5874270
잭다니엘 싱글배럴 100프루프 700ml,잭다니엘,34.884,49.0,64.6,68.0,5.0,531,0,0.0,6,Y,1211:블렌디드 위스키,5429236,114931000058,https://www.shilladfs.com/estore/kr/ko/p/5429236
클라세 아줄 테킬라 메즈칼 산 루이스 포토시 750ml,클라세 아줄,289.63599999999997,30.0,391.4,412.0,5.0,110,0,0.0,4,Y,1226:스피릿,5672621,282931000008,https://www.shilladfs.com/estore/kr/ko/p/5672621
클라세 아줄 테킬라 메즈칼 게레로 750ml,클라세 아줄,289.63599999999997,30.0,391.4,412.0,5.0,115,0,0.0,3,Y,1226:스피릿,5672622,282931000007,https://www.shilladfs.com/estore/kr/ko/p/5672622
클라세 아줄 테킬라 메즈칼 듀랑고 750ml,클라세 아줄,328.77599999999995,20.0,391.4,412.0,5.0,87,0,0.0,6,Y,1226:스피릿,5672620,282931000006,https://www.shilladfs.com/estore/kr/ko/p/5672620
파이퍼 하이직 에센셜 블랑 드 블랑 NV 750ml,와인나라,56.088,32.0,77.9,82.0,5.0,481,1,10.0,6,Y,1221:와인/샴페인,5290632,115431000116,https://www.shilladfs.com/estore/kr/ko/p/5290632
테일러스 토니 포트 와인 20년 750ml,테일러스 포트 와인,40.69799999999999,40.0,64.6,68.0,5.0,512,1,6.0,6,Y,1221:와인/샴페인,5477394,280631000002,https://www.shilladfs.com/estore/kr/ko/p/5477394
조니워커 블랙 루비 1000ml,조니워커,32.66,54.0,32.66,71.0,54.0,120,0,0.0,6,Y,1211:블렌디드 위스키,5624247,046331000088,https://www.shilladfs.com/estore/kr/ko/p/5624247
달모어 퀸텟 700ml ,달모어,,,141.55,149.0,5.0,280,1,10.0,6,Y,1220:싱글몰트 위스키,5311398,114431000065,https://www.shilladfs.com/estore/kr/ko/p/5311398
Jinzuan Xijiu 500ml,시주,26.9325,40.0,42.75,45.0,5.0,18,1,10.0,5,Y,1216:중국술,5770697,284531000008,https://www.shilladfs.com/estore/kr/ko/p/5770697
발렌타인 21년 말본 에디션 700ml,발렌타인,140.03,30.0,190.0,200.0,5.0,10,0,0.0,6,Y,1211:블렌디드 위스키,6000272,046131000072,https://www.shilladfs.com/estore/kr/ko/p/6000272
옥토모어 16.2 700ml,브룩라디,,,190.0,190.0,0.0,188,0,0.0,6,Y,1220:싱글몰트 위스키,5934208,085131000116,https://www.shilladfs.com/estore/kr/ko/p/5934208
로얄살루트 21년 Peated Blend 700ml,로얄살루트,140.03,30.0,190.0,200.0,5.0,513,3,10.0,6,Y,1211:블렌디드 위스키,5081231,110231000021,https://www.shilladfs.com/estore/kr/ko/p/5081231
페리에 주에 벨에포크 750ml,페리에 주에,139.89700000000002,30.0,189.05,199.0,5.0,291,1,10.0,0,N,1221:와인/샴페인,5834768,292731000002,https://www.shilladfs.com/estore/kr/ko/p/5834768
노주노교 럭키포니 오렌지 52% 520ml,국교1573,61.6,30.0,61.6,88.0,30.0,10,0,0.0,6,Y,1216:중국술,5982969,284531000016,https://www.shilladfs.com/estore/kr/ko/p/5982969
헤네시 XO 1500ml,헤네시,,,367.5,490.0,25.0,88,0,0.0,0,N,1213:꼬냑,5786503,086931000130,https://www.shilladfs.com/estore/kr/ko/p/5786503
듀어스 15년 (New Edition) 1000ml ,듀어스,34.048,47.0,60.8,64.0,5.0,172,0,0.0,6,Y,1211:블렌디드 위스키,5575518,113531000089,https://www.shilladfs.com/estore/kr/ko/p/5575518
벤리악 트리플 디스틸드 25년 700ml,벤리악,241.86999999999998,36.0,361.0,380.0,5.0,818,3,10.0,6,Y,1220:싱글몰트 위스키,5429235,114931000057,https://www.shilladfs.com/estore/kr/ko/p/5429235
고든앤맥패일 디스틸러리 링크우드 25년 700ml,고든 앤 맥패일,244.188,35.0,359.1,378.0,5.0,94,0,0.0,0,N,1220:싱글몰트 위스키,5677238,115431000187,https://www.shilladfs.com/estore/kr/ko/p/5677238
닷사이 23 페이퍼 박스 720ml,닷사이,,,78.0,78.0,0.0,54,0,0.0,0,N,1227:기타 주류,5867952,282631000007,https://www.shilladfs.com/estore/kr/ko/p/5867952
국교 1573 클래식 38% 500ml,국교1573,89.6,30.0,89.6,128.0,30.0,2,0,0.0,6,Y,1216:중국술,5982964,284531000010,https://www.shilladfs.com/estore/kr/ko/p/5982964
조니워커 더블 블랙 1000ml,조니워커,32.16,52.0,32.16,67.0,52.0,596,4,9.5,6,Y,1211:블렌디드 위스키,3625938,046331000029,https://www.shilladfs.com/estore/kr/ko/p/3625938
류 레드53 정관장 500ml,류,78.6315,15.0,88.35,93.0,5.0,26,0,0.0,6,Y,1224:한국술,5975425,955331000030,https://www.shilladfs.com/estore/kr/ko/p/5975425
더 바이스 엑스트라 아네호 까베르네 소비뇽 2017 750ml,신세계 L&B,109.55399999999999,41.0,176.7,186.0,5.0,8,0,0.0,6,Y,1221:와인/샴페인,5509118,115331000199,https://www.shilladfs.com/estore/kr/ko/p/5509118
돈훌리오 아네호 750ml,돈훌리오,44.88,47.0,51.0,85.0,40.0,250,2,10.0,0,N,1226:스피릿,5296322,254931000004,https://www.shilladfs.com/estore/kr/ko/p/5296322
바즈타운 버번 디스커버리 #10 750ml,바즈타운 버번 컴퍼니,116.25,25.0,116.25,155.0,25.0,59,0,0.0,6,Y,1227:기타 주류,5975694,249031000062,https://www.shilladfs.com/estore/kr/ko/p/5975694
Balblair 21 Years Old 700ml,발블레어,208.62,45.0,342.0,380.0,10.0,46,0,0.0,0,N,1220:싱글몰트 위스키,5865412,265731000008,https://www.shilladfs.com/estore/kr/ko/p/5865412
레드브레스트 18년 700ml,제임슨,112.0,44.0,112.0,200.0,44.0,178,0,0.0,0,N,1211:블렌디드 위스키,5769824,110531000008,https://www.shilladfs.com/estore/kr/ko/p/5769824
브룩라디 옥토모어 15.1 700ml,브룩라디,,,167.0,167.0,0.0,765,2,10.0,6,Y,1220:싱글몰트 위스키,5611045,085131000102,https://www.shilladfs.com/estore/kr/ko/p/5611045
도넘 이스트 슬롭 피노누아 2021 750ml,신세계 L&B,110.76,48.0,110.76,213.0,48.0,62,0,0.0,6,Y,1221:와인/샴페인,5396337,115331000192,https://www.shilladfs.com/estore/kr/ko/p/5396337
와일드터키 마스터스 킵 보야지 750ml,와일드터키,122.322,30.0,165.3,174.0,5.0,379,2,9.0,0,N,1211:블렌디드 위스키,5605211,257231000008,https://www.shilladfs.com/estore/kr/ko/p/5605211
돔 페리뇽 로제 750ml,돔 페리뇽,,,328.5,365.0,10.0,16,0,0.0,0,N,1221:와인/샴페인,5987819,108931000115,https://www.shilladfs.com/estore/kr/ko/p/5987819
비천 희연 홍 43% 500ml,마오타이,161.88,43.0,161.88,284.0,43.0,5,0,0.0,0,N,1216:중국술,5993200,293931000012,https://www.shilladfs.com/estore/kr/ko/p/5993200
쟝 미쉘 까즈 세네쇼 화이트 750ml,쟝 미쉘 까즈,38.76,43.0,64.6,68.0,5.0,118,0,0.0,6,Y,1221:와인/샴페인,5070510,117931000002,https://www.shilladfs.com/estore/kr/ko/p/5070510
잭다니엘 시나트라 셀렉트 1000ml,잭다니엘,87.21000000000001,49.0,161.5,170.0,5.0,149,1,10.0,1,Y,1211:Blended Whisky,5070944,114931000006,https://www.shilladfs.com/estore/kr/ko/p/5070944
Balblair 17 Years Old 700ml,발블레어,97.722,45.0,160.2,178.0,10.0,32,0,0.0,6,Y,1220:싱글몰트 위스키,5865411,265731000007,https://www.shilladfs.com/estore/kr/ko/p/5865411
발베니 15년 마데이라 캐스크 빅토 응아이 에디션 700ml,발베니,106.6,35.0,106.6,164.0,35.0,76,0,0.0,6,Y,1220:싱글몰트 위스키,5966607,112231000055,https://www.shilladfs.com/estore/kr/ko/p/5966607
카발란 페드로히메네즈 솔리스트 750ml,카발란,319.2,20.0,319.2,399.0,20.0,3013,5,10.0,0,N,1220:싱글몰트 위스키,5101643,249031000010,https://www.shilladfs.com/estore/kr/ko/p/5101643
발렌타인 21년 아티스트 에디션 5 700ml,발렌타인,116.92505,30.0,158.65,167.0,5.0,22,0,0.0,6,Y,1211:블렌디드 위스키,5945876,046131000067,https://www.shilladfs.com/estore/kr/ko/p/5945876
화요41도 750ml,케이전통주,21.09,43.0,35.15,37.0,5.0,80,0,0.0,6,Y,1224:한국술,5717208,955331000003,https://www.shilladfs.com/estore/kr/ko/p/5717208
펜폴즈 빈407 빈티지 2023 750ml,펜폴즈,78.74,38.0,78.74,127.0,38.0,36,0,0.0,6,Y,1221:와인/샴페인,5819193,195231000062,https://www.shilladfs.com/estore/kr/ko/p/5819193
미야기쿄 싱글 몰트 그란데 700ml,닛카 위스키,87.78,20.0,104.5,110.0,5.0,160,2,10.0,6,Y,1220:싱글몰트 위스키,5804865,292531000001,https://www.shilladfs.com/estore/kr/ko/p/5804865
PAUL JOHN UNPEATED 올로로소 700ml,폴 존,103.5,55.0,103.5,230.0,55.0,81,0,0.0,6,Y,1220:싱글몰트 위스키,5461899,249031000056,https://www.shilladfs.com/estore/kr/ko/p/5461899
화요 X-1 550ml*2,화요,31.2,52.0,52.0,65.0,20.0,345,5,9.6,6,Y,1224:한국술,5156990,669331000081,https://www.shilladfs.com/estore/kr/ko/p/5156990
짐빔 놉크릭 700ml,짐빔,26.6855,50.0,50.35,53.0,5.0,257,0,0.0,6,Y,1211:블렌디드 위스키,5166851,109831000017,https://www.shilladfs.com/estore/kr/ko/p/5166851
벨루가 골드라인 1000ml,벨루가,100.32,52.0,100.32,209.0,52.0,67,0,0.0,6,Y,1226:스피릿,5070900,155231000007,https://www.shilladfs.com/estore/kr/ko/p/5070900
덕혼 나파 밸리 카버네 소비뇽 2022 750ml,덕혼,66.538,35.0,97.85,103.0,5.0,86,0,0.0,6,Y,1221:와인/샴페인,5893058,268331000084,https://www.shilladfs.com/estore/kr/ko/p/5893058
이니스킬린 까베르네 프랑 375ml,이니스킬린,73.32,53.0,73.32,156.0,53.0,51,0,0.0,6,Y,1221:와인/샴페인,5270069,083731000012,https://www.shilladfs.com/estore/kr/ko/p/5270069
벤로막 12년 캐스크스트렝스 700ml,와인나라,81.396,20.0,96.9,102.0,5.0,627,0,0.0,0,N,1220:싱글몰트 위스키,5910120,274231000028,https://www.shilladfs.com/estore/kr/ko/p/5910120
시바스 리갈 18년 포이약 와인 캐스크 피니시 1000ml,시바스리갈,107.12294999999999,30.0,145.35,153.0,5.0,64,0,0.0,6,Y,1211:블렌디드 위스키,5616056,110331000035,https://www.shilladfs.com/estore/kr/ko/p/5616056
글렌알라키 싱글캐스크 2007 17년 PX PUN 700ML,글렌알라키,238.374,30.0,290.7,342.0,15.0,720,9,10.0,0,N,1220:싱글몰트 위스키,5536822,265631000013,https://www.shilladfs.com/estore/kr/ko/p/5536822
시크릿 스페이사이드 Caperdonich 21년 Peated 700ml,글렌리벳,156.6,46.0,156.6,290.0,46.0,83,1,2.0,6,Y,1220:싱글몰트 위스키,5065826,110431000021,https://www.shilladfs.com/estore/kr/ko/p/5065826
글렌피딕 XX 700ml,글렌피딕,50.6,45.0,50.6,92.0,45.0,273,2,9.0,0,N,1220:싱글몰트 위스키,5437409,082331000052,https://www.shilladfs.com/estore/kr/ko/p/5437409
화요200 3종3호 200ml*3,케이전통주,34.199999999999996,43.0,57.0,60.0,5.0,48,0,0.0,6,Y,1224:한국술,5717209,955331000004,https://www.shilladfs.com/estore/kr/ko/p/5717209
샤또 지스꾸르 2020 750ml,샤토 지스꾸르,79.8,20.0,95.0,100.0,5.0,8,0,0.0,6,Y,1221:와인/샴페인,5891173,287231000021,https://www.shilladfs.com/estore/kr/ko/p/5891173
양허 천지람 52% 500ml,양허,37.107,40.0,58.9,62.0,5.0,231,0,0.0,6,Y,1216:중국술,5506823,067631000052,https://www.shilladfs.com/estore/kr/ko/p/5506823
닷사이 23 팁시 720ml,닷사이,,,94.05,99.0,5.0,42,0,0.0,4,Y,1227:기타 주류,5769250,282631000006,https://www.shilladfs.com/estore/kr/ko/p/5769250
뵈브 클리코 라 그랑 담 2018 750ml,뵈브 클리코,,,141.0,188.0,25.0,14,0,0.0,0,N,1221:와인/샴페인,5987970,108931000118,https://www.shilladfs.com/estore/kr/ko/p/5987970
발렌타인 25년 GLENBURGIE 700ml,발렌타인,279.3,30.0,279.3,399.0,30.0,84,0,0.0,6,Y,1220:싱글몰트 위스키,5885749,046131000069,https://www.shilladfs.com/estore/kr/ko/p/5885749
"하이츠 셀라, 로트 C-91 카베르네 소비뇽 2019 750ml",하이츠 셀라,98.42,30.0,133.0,140.0,5.0,39,0,0.0,6,Y,1221:와인/샴페인,5705511,288831000003,https://www.shilladfs.com/estore/kr/ko/p/5705511
그라함 LBV 포트 1000ml,그라함,20.643500000000003,50.0,38.95,41.0,5.0,254,1,10.0,6,Y,1221:와인/샴페인,5222076,154531000005,https://www.shilladfs.com/estore/kr/ko/p/5222076
시바스리갈 25년 700ml,시바스리갈,272.35835000000003,30.0,369.55,389.0,5.0,159,3,10.0,6,Y,1211:블렌디드 위스키,5070398,110331000003,https://www.shilladfs.com/estore/kr/ko/p/5070398
카발란 만자니아 솔리스트 750ml,카발란,272.0,15.0,272.0,320.0,15.0,2162,3,9.33333333,0,N,1220:싱글몰트 위스키,5101824,249031000009,https://www.shilladfs.com/estore/kr/ko/p/5101824
주귀주 내참 500ml,주귀주,83.79,40.0,133.0,140.0,5.0,30,2,7.0,6,Y,1216:중국술,5782015,067631000076,https://www.shilladfs.com/estore/kr/ko/p/5782015
싱글톤 가든스 오브 어번던스 - 딥 포레스트 리치 700ml,싱글톤,146.3,48.0,266.0,280.0,5.0,120,1,10.0,6,Y,1220:싱글몰트 위스키,5479002,111231000047,https://www.shilladfs.com/estore/kr/ko/p/5479002
뵈브 클리코 옐로우 레이블 750ml,뵈브 클리코,,,44.25,59.0,25.0,612,0,0.0,0,N,1221:와인/샴페인,5400361,108931000081,https://www.shilladfs.com/estore/kr/ko/p/5400361
Xijiu Jiao Cang 1988 500ml,시주,55.6605,40.0,88.35,93.0,5.0,35,1,10.0,6,Y,1216:중국술,5770696,284531000007,https://www.shilladfs.com/estore/kr/ko/p/5770696
발렌타인 23년 GOLDEN HOUR 700ml,발렌타인,195.34185,30.0,265.05,279.0,5.0,167,0,0.0,6,Y,1211:블렌디드 위스키,5284763,046131000053,https://www.shilladfs.com/estore/kr/ko/p/5284763
메이커스 마크 1000ml,메이커스마크,26.32,53.0,26.32,56.0,53.0,550,3,10.0,6,Y,1211:블렌디드 위스키,5070543,109831000005,https://www.shilladfs.com/estore/kr/ko/p/5070543
헤네시 XO 1000ml,헤네시,,,264.0,330.0,20.0,357,0,0.0,0,N,1213:꼬냑,5786502,086931000116,https://www.shilladfs.com/estore/kr/ko/p/5786502
잭다니엘 Black Label Tin 1000ml,잭다니엘,17.5,50.0,17.5,35.0,50.0,35,0,0.0,6,Y,1211:블렌디드 위스키,5303971,114931000046,https://www.shilladfs.com/estore/kr/ko/p/5303971
마텔 브이에스오피 1000ml,마텔,52.440000000000005,43.0,87.4,92.0,5.0,26,0,0.0,6,Y,1213:꼬냑,5582821,110631000044,https://www.shilladfs.com/estore/kr/ko/p/5582821
부나하벤 크루아모나 1000ml,부나하벤,51.84,46.0,86.4,96.0,10.0,255,1,8.0,6,Y,1220:싱글몰트 위스키,5229281,265331000002,https://www.shilladfs.com/estore/kr/ko/p/5229281
잭다니엘 FOB Set 250ml,잭다니엘,21.963999999999995,35.0,32.3,34.0,5.0,215,0,0.0,6,Y,1211:블렌디드 위스키,5657679,114931000066,https://www.shilladfs.com/estore/kr/ko/p/5657679
사득주 품미 500ml,사득주,51.68,24.0,51.68,68.0,24.0,33,2,8.0,6,Y,1216:중국술,5506824,067631000053,https://www.shilladfs.com/estore/kr/ko/p/5506824
싱글톤 더프타운 21년 700ml,싱글톤,129.15,55.0,129.15,287.0,55.0,490,3,10.0,0,N,1220:싱글몰트 위스키,5417832,111231000040,https://www.shilladfs.com/estore/kr/ko/p/5417832
일품진로세트 375ml*2,한국전통술,13.440000000000001,36.0,16.8,21.0,20.0,21,0,0.0,6,Y,1224:Korean,5869381,669331000104,https://www.shilladfs.com/estore/kr/ko/p/5869381
라프로익 레거시 에디션 700ml,라프로익,62.78,57.0,62.78,146.0,57.0,333,1,10.0,6,Y,1220:싱글몰트 위스키,3612827,114131000014,https://www.shilladfs.com/estore/kr/ko/p/3612827
아드벡 코리브레칸 700ml,아드벡,79.08749999999999,29.0,83.25,111.0,25.0,288,0,0.0,0,N,1220:싱글몰트 위스키,5786504,108631000057,https://www.shilladfs.com/estore/kr/ko/p/5786504
짐빔 화이트 1000ml,짐빔,11.88,56.0,11.88,27.0,56.0,306,6,9.33333333,0,N,1211:블렌디드 위스키,5070546,109831000008,https://www.shilladfs.com/estore/kr/ko/p/5070546
발렌타인 23년 GLENTAUCHERS 700ml,발렌타인,183.4393,30.0,248.9,262.0,5.0,203,1,10.0,6,Y,1220:싱글몰트 위스키,5068900,046131000046,https://www.shilladfs.com/estore/kr/ko/p/5068900
오켄토션 24년 700ml,오켄토션,139.104,50.0,248.4,276.0,10.0,95,0,0.0,0,N,1220:싱글몰트 위스키,5489101,114231000051,https://www.shilladfs.com/estore/kr/ko/p/5489101
글렌피딕 Vat 1 Perpetual Collection 1000ml,글렌피딕,42.9,45.0,42.9,78.0,45.0,580,4,9.0,6,Y,1220:싱글몰트 위스키,5105343,082331000043,https://www.shilladfs.com/estore/kr/ko/p/5105343
테일러스 토니 포트 와인 30년 750ml,테일러스 포트 와인,82.5,50.0,82.5,165.0,50.0,381,0,0.0,6,Y,1221:와인/샴페인,5477396,280631000003,https://www.shilladfs.com/estore/kr/ko/p/5477396
아케시 리슌 700ml,아케시,247.45,51.0,247.45,505.0,51.0,135,0,0.0,6,Y,1220:싱글몰트 위스키,5513163,276131000004,https://www.shilladfs.com/estore/kr/ko/p/5513163
더 글렌리벳 19년 700ml,글렌리벳,91.39,30.0,123.5,130.0,5.0,327,0,0.0,6,Y,1220:싱글몰트 위스키,5828030,110431000037,https://www.shilladfs.com/estore/kr/ko/p/5828030
더 패밀리 캐스크스 2007_S23 700ml,글렌파클라스,245.52,38.0,245.52,396.0,38.0,135,0,0.0,0,N,1220:싱글몰트 위스키,5548860,265931000010,https://www.shilladfs.com/estore/kr/ko/p/5548860
탈리스커 10년 1L ,탈리스커,48.449999999999996,43.0,80.75,85.0,5.0,357,0,0.0,6,Y,1220:싱글몰트 위스키,5604485,111131000024,https://www.shilladfs.com/estore/kr/ko/p/5604485
ABERLOUR 18년 700ml,발렌타인,150.5,30.0,150.5,215.0,30.0,106,0,0.0,6,Y,1220:싱글몰트 위스키,5837406,046131000062,https://www.shilladfs.com/estore/kr/ko/p/5837406
프라팡 1995 25년 700ml,프라팡,163.438,35.0,240.35,253.0,5.0,94,0,0.0,6,Y,1213:꼬냑,5515184,268331000043,https://www.shilladfs.com/estore/kr/ko/p/5515184
한주만월 700ml,한국전통술,96.0,36.0,120.0,150.0,20.0,20,0,0.0,6,Y,1224:한국술,5866138,669331000143,https://www.shilladfs.com/estore/kr/ko/p/5866138
테일러스 포트 미니어처 세트 200ml,테일러스 포트 와인,16.758000000000003,40.0,26.6,28.0,5.0,224,0,0.0,6,Y,1221:와인/샴페인,5613178,280631000005,https://www.shilladfs.com/estore/kr/ko/p/5613178
패트론 레포사도 1000ml,패트론,43.89,48.0,79.8,84.0,5.0,153,0,0.0,6,Y,1226:스피릿,5274740,122131000011,https://www.shilladfs.com/estore/kr/ko/p/5274740
우드포드 리저브 디스틸러 셀렉트 1000ml,우드포드 리저브,26.6,47.0,47.5,50.0,5.0,624,1,10.0,6,Y,1211:블렌디드 위스키,5070939,114931000004,https://www.shilladfs.com/estore/kr/ko/p/5070939
에버펠디 21년 마데이라 캐스크 700ml,에버펠디,127.224,49.0,235.6,248.0,5.0,310,1,10.0,6,Y,1220:싱글몰트 위스키,5316366,113531000030,https://www.shilladfs.com/estore/kr/ko/p/5316366
러셀 리저브 10년 750ml,와일드터키,22.0,45.0,22.0,40.0,45.0,140,0,0.0,6,Y,1227:기타 주류,5898920,257231000014,https://www.shilladfs.com/estore/kr/ko/p/5898920
라프로익 포오크 2023 1000ml,라프로익,40.508,51.0,77.9,82.0,5.0,128,1,10.0,6,Y,1220:싱글몰트 위스키,5368246,114131000037,https://www.shilladfs.com/estore/kr/ko/p/5368246
사득주 탄지호 500ml,사득주,116.48,44.0,116.48,208.0,44.0,32,0,0.0,6,Y,1216:중국술,5530904,067631000069,https://www.shilladfs.com/estore/kr/ko/p/5530904
글렌리벳 TGL TCM Rare Cask 1000ml,글렌리벳,77.55,45.0,77.55,141.0,45.0,139,0,0.0,6,Y,1220:싱글몰트 위스키,5081234,110431000018,https://www.shilladfs.com/estore/kr/ko/p/5081234
산토리 야마자키 코게이 700ml,산토리,230.0,0.0,230.0,230.0,0.0,4644,20,9.2,0,N,1220:싱글몰트 위스키,5368247,114131000038,https://www.shilladfs.com/estore/kr/ko/p/5368247
시그나토리 글렌리벳 2006 캐스크 스트렝스 18년 700ml,시그나토리 빈티지,169.423,30.0,228.95,241.0,5.0,435,19,9.47368421,0,N,1220:싱글몰트 위스키,5713581,288631000001,https://www.shilladfs.com/estore/kr/ko/p/5713581
모엣 샹동 로제 임페리얼 750ml,모엣 샹동,,,45.75,61.0,25.0,182,0,0.0,1,Y,1221:와인/샴페인,5713334,108931000107,https://www.shilladfs.com/estore/kr/ko/p/5713334
샤보 엑스오 수페리어 1000ml,샤보,75.84,52.0,75.84,158.0,52.0,174,0,0.0,6,Y,1213:꼬냑,5070530,109131000013,https://www.shilladfs.com/estore/kr/ko/p/5070530
펜폴즈 야타나 샤르도네 2019 750ml,펜폴즈,142.44299999999998,40.0,226.1,238.0,5.0,46,0,0.0,6,Y,1221:와인/샴페인,5388348,195231000041,https://www.shilladfs.com/estore/kr/ko/p/5388348
화요 블랙 53 전용잔 세트 500ml,화요,28.200000000000003,40.0,37.6,47.0,20.0,13,0,0.0,6,Y,1224:한국술,5980218,669331000157,https://www.shilladfs.com/estore/kr/ko/p/5980218
시바스리갈 Ultis XX 1000ml,시바스리갈,164.53525,30.0,223.25,235.0,5.0,54,2,5.0,6,Y,1211:블렌디드 위스키,3755407,110331000017,https://www.shilladfs.com/estore/kr/ko/p/3755407
Moutai Bulao(마오타이 블라오) 125mlx4,마오타이 블라오,114.0,40.0,114.0,190.0,40.0,51,0,0.0,6,Y,1216:중국술,5812238,262831000002,https://www.shilladfs.com/estore/kr/ko/p/5812238
더 글렌리벳 16년 1000ml,글렌리벳,80.51725,30.0,109.25,115.0,5.0,119,0,0.0,6,Y,1220:싱글몰트 위스키,5828029,110431000036,https://www.shilladfs.com/estore/kr/ko/p/5828029
와일드무어 23년 웨이킹 포레스트 700ml,와일드무어,109.04,42.0,109.04,188.0,42.0,145,0,0.0,6,Y,1211:블렌디드 위스키,5399821,279331000002,https://www.shilladfs.com/estore/kr/ko/p/5399821
카발란 클래식 1000ml,카발란,65.4,40.0,87.2,109.0,20.0,766,2,10.0,6,Y,1220:싱글몰트 위스키,5101821,249031000002,https://www.shilladfs.com/estore/kr/ko/p/5101821
로얄살루트 21년 해리스 리드 에디션 700ml,로얄살루트,160.33435,30.0,217.55,229.0,5.0,113,0,0.0,6,Y,1211:블렌디드 위스키,5804217,110231000043,https://www.shilladfs.com/estore/kr/ko/p/5804217
카발란 마스터 셀렉트 넘버 2 1000ml,카발란,81.0,40.0,108.0,135.0,20.0,138,0,0.0,6,Y,1220:싱글몰트 위스키,5706812,249031000048,https://www.shilladfs.com/estore/kr/ko/p/5706812
시그나토리 글렌알라키 2009 캐스크 스트렝스 15년 #900863 700ml,시그나토리 빈티지,169.613,25.0,214.7,226.0,5.0,214,1,10.0,0,N,1220:싱글몰트 위스키,5895328,288631000007,https://www.shilladfs.com/estore/kr/ko/p/5895328
시그나토리 글렌알라키 2009 캐스크 스트렝스 15년 #900864 700ml,시그나토리 빈티지,180.34799999999998,20.0,214.7,226.0,5.0,198,3,8.66666667,0,N,1220:싱글몰트 위스키,5788000,288631000003,https://www.shilladfs.com/estore/kr/ko/p/5788000
글렌파클라스 15년 700ml,글렌파클라스,70.2,48.0,70.2,135.0,48.0,587,0,0.0,6,Y,1220:싱글몰트 위스키,5226623,265931000004,https://www.shilladfs.com/estore/kr/ko/p/5226623
BLADNOCH 19YO 700ml,블라드녹,213.0,25.0,213.0,284.0,25.0,238,5,9.6,0,N,1220:싱글몰트 위스키,5834297,293331000002,https://www.shilladfs.com/estore/kr/ko/p/5834297
카발란 콘서트마스터 1000ml,카발란,52.800000000000004,40.0,70.4,88.0,20.0,286,0,0.0,6,Y,1220:싱글몰트 위스키,5101466,249031000001,https://www.shilladfs.com/estore/kr/ko/p/5101466
앙리 지로 에스프리 750ml,앙리 지로,52.65,35.0,52.65,81.0,35.0,453,4,10.0,1,Y,1221:와인/샴페인,5531347,250231000006,https://www.shilladfs.com/estore/kr/ko/p/5531347
연태구냥 백년노장 500ml,연태구냥,70.2,48.0,70.2,135.0,48.0,49,0,0.0,6,Y,1216:중국술,5755420,251331000005,https://www.shilladfs.com/estore/kr/ko/p/5755420
몽키숄더 1000ml,발베니,30.0,40.0,30.0,50.0,40.0,668,3,10.0,6,Y,1211:블렌디드 위스키,2011674,112231000006,https://www.shilladfs.com/estore/kr/ko/p/2011674
아드벡 스모크트레일즈 배치3 1000ml,아드벡,67.6875,29.0,71.25,95.0,25.0,63,0,0.0,6,Y,1220:싱글몰트 위스키,5867964,108631000065,https://www.shilladfs.com/estore/kr/ko/p/5867964
타케츠루 퓨어 몰트 그란데 700ml,닛카 위스키,87.78,20.0,104.5,110.0,5.0,265,4,9.5,6,Y,1211:블렌디드 위스키,5804867,292531000003,https://www.shilladfs.com/estore/kr/ko/p/5804867
클라세 아줄 테킬라 레포사도 750ml,클라세 아줄,153.957,30.0,208.05,219.0,5.0,748,5,10.0,0,N,1226:스피릿,5502892,282931000002,https://www.shilladfs.com/estore/kr/ko/p/5502892
이니스킬린 리슬링 375ml,이니스킬린,51.84,52.0,51.84,108.0,52.0,165,0,0.0,6,Y,1221:와인/샴페인,5270333,083731000013,https://www.shilladfs.com/estore/kr/ko/p/5270333
샤또 지스꾸르 2016 750ml,샤토 지스꾸르,72.84599999999999,33.0,102.6,108.0,5.0,174,1,10.0,0,N,1221:와인/샴페인,5599684,287231000001,https://www.shilladfs.com/estore/kr/ko/p/5599684
"하이츠 셀라, 트레일사이드 빈야드 카베르네 소비뇽 2018 750ml",하이츠 셀라,151.145,30.0,204.25,215.0,5.0,35,0,0.0,6,Y,1221:와인/샴페인,5705508,288831000001,https://www.shilladfs.com/estore/kr/ko/p/5705508
페넬로페 프로젝트 X 메이플 브륄레 750ml,페닐로페,66.75,25.0,66.75,89.0,25.0,74,0,0.0,6,Y,1220:싱글몰트 위스키,5916221,287531000014,https://www.shilladfs.com/estore/kr/ko/p/5916221
브룩라디 Sherry Cask_700ml,브룩라디,,,33.12,69.0,52.0,229,0,0.0,6,Y,1220:싱글몰트 위스키,5386814,085131000084,https://www.shilladfs.com/estore/kr/ko/p/5386814
금문 LIQU 플래티늄 드래곤 500ml,금문고량주,13.265999999999998,40.0,19.8,22.0,10.0,75,1,10.0,6,Y,1216:중국술,5819125,290831000008,https://www.shilladfs.com/estore/kr/ko/p/5819125
양허 M3 크리스탈 500ml,양허,50.8725,40.0,80.75,85.0,5.0,335,3,10.0,6,Y,1216:중국술,5506826,067631000049,https://www.shilladfs.com/estore/kr/ko/p/5506826
아드벡 언 오 1000ml,아드벡,62.31999999999999,24.0,65.6,82.0,20.0,131,0,0.0,6,Y,1220:싱글몰트 위스키,5388184,108631000023,https://www.shilladfs.com/estore/kr/ko/p/5388184
페닐로페 아키텍트 750ml,페닐로페,39.33,43.0,39.33,69.0,43.0,93,1,10.0,6,Y,1227:기타 주류,5680192,287531000003,https://www.shilladfs.com/estore/kr/ko/p/5680192
고든앤맥패일 코노세어초이스 탐나불린 2007 14년 700ml,고든 앤 맥패일,133.72199999999998,35.0,196.65,207.0,5.0,52,0,0.0,0,N,1220:싱글몰트 위스키,5677234,115431000185,https://www.shilladfs.com/estore/kr/ko/p/5677234
앙리 지로 하타피아 솔레라 500ml,앙리 지로,48.24,33.0,48.24,72.0,33.0,74,0,0.0,6,Y,1221:와인/샴페인,5531349,250231000005,https://www.shilladfs.com/estore/kr/ko/p/5531349
옥토모어 14.2 700ml,브룩라디,,,190.0,190.0,0.0,218,1,10.0,6,Y,1220:싱글몰트 위스키,5900470,085131000112,https://www.shilladfs.com/estore/kr/ko/p/5900470
폴존 미니어처 세트 50ml*5,폴 존,24.57,30.0,31.5,35.0,10.0,63,0,0.0,6,Y,1220:싱글몰트 위스키,5885820,287531000011,https://www.shilladfs.com/estore/kr/ko/p/5885820
카발란 마스터 셀렉트 넘버 1 1000ml,카발란,81.0,40.0,108.0,135.0,20.0,233,0,0.0,6,Y,1220:싱글몰트 위스키,5707271,249031000047,https://www.shilladfs.com/estore/kr/ko/p/5707271
우량예 판다 52% 500ml,우량예,189.0,25.0,189.0,252.0,25.0,56,0,0.0,6,Y,1216:중국술,5821967,067631000077,https://www.shilladfs.com/estore/kr/ko/p/5821967
클라이넬리시 10년 SR FY24 700ml (2023 Special Release),탈리스커,112.86,43.0,188.1,198.0,5.0,193,0,0.0,1,Y,1220:싱글몰트 위스키,5420684,111131000030,https://www.shilladfs.com/estore/kr/ko/p/5420684
와일드터키 켄터키 스피릿 1L,와일드터키,37.0,50.0,37.0,74.0,50.0,184,0,0.0,6,Y,1211:블렌디드 위스키,5408280,257231000005,https://www.shilladfs.com/estore/kr/ko/p/5408280
파이퍼 하이직 레어 2013 750ml ,와인나라,178.398,48.0,180.2,340.0,47.0,1149,4,6.0,6,Y,1221:와인/샴페인,3435280,115431000077,https://www.shilladfs.com/estore/kr/ko/p/3435280
레미마틴 VSOP 2026 CNY 1000ml,레미마틴,44.88,56.0,44.88,102.0,56.0,46,0,0.0,2,Y,1213:꼬냑,5885912,085131000111,https://www.shilladfs.com/estore/kr/ko/p/5885912
토브렉 우드커터스 2023 750ml,토브렉,13.75,45.0,13.75,25.0,45.0,66,1,10.0,6,Y,1221:와인/샴페인,5523028,284831000005,https://www.shilladfs.com/estore/kr/ko/p/5523028
시그나토리 글렌기어리 2011 12년 스몰배치 #14 700ml,시그나토리 빈티지,59.5,50.0,59.5,119.0,50.0,264,3,10.0,6,Y,1220:싱글몰트 위스키,5788002,288631000004,https://www.shilladfs.com/estore/kr/ko/p/5788002
1800 아네호 트리플 캐스크 1000ml,호세쿠엘보,44.2,48.0,44.2,85.0,48.0,24,0,0.0,0,N,1226:스피릿,5942769,130531000026,https://www.shilladfs.com/estore/kr/ko/p/5942769
더 글렌그란트 12년 1000ml,더 글렌그란트,35.1,55.0,35.1,78.0,55.0,282,0,0.0,6,Y,1220:싱글몰트 위스키,5224926,257131000005,https://www.shilladfs.com/estore/kr/ko/p/5224926
발렌타인 21년 GLENBURGIE 700ml,발렌타인,175.0,30.0,175.0,250.0,30.0,55,0,0.0,6,Y,1220:싱글몰트 위스키,5885750,046131000070,https://www.shilladfs.com/estore/kr/ko/p/5885750
와일드터키 101 1000ml,와일드터키,24.96,48.0,24.96,48.0,48.0,433,3,10.0,6,Y,1211:블렌디드 위스키,5173368,257231000002,https://www.shilladfs.com/estore/kr/ko/p/5173368
발베니 Balvenie 19년 Week of Peat 700ml,발베니,173.25,45.0,173.25,315.0,45.0,1390,8,10.0,0,N,1220:싱글몰트 위스키,5108417,112231000027,https://www.shilladfs.com/estore/kr/ko/p/5108417
탈리스커 다크 스톰 1000ml,탈리스커,57.15,55.0,57.15,127.0,55.0,227,1,10.0,6,Y,1220:싱글몰트 위스키,5070436,111131000001,https://www.shilladfs.com/estore/kr/ko/p/5070436
더 글렌리벳 Grounbreaker Collection 700ml,글렌리벳,46.800000000000004,53.0,90.0,100.0,10.0,25,0,0.0,6,Y,1220:싱글몰트 위스키,5615677,110431000031,https://www.shilladfs.com/estore/kr/ko/p/5615677
[박스이염] 와일드터키 마스터스 킵 보야지 750ml,와일드터키,84.5,35.0,84.5,130.0,35.0,80,0,0.0,0,N,1227:기타 주류,5834860,257231000013,https://www.shilladfs.com/estore/kr/ko/p/5834860
글렌글라사 샌드엔드 700ml,GLENGLASSAUGH,35.910000000000004,49.0,66.5,70.0,5.0,314,1,8.0,6,Y,1220:싱글몰트 위스키,5534637,114931000062,https://www.shilladfs.com/estore/kr/ko/p/5534637
토브렉 스트루이 2022 750ml,토브렉,32.509,45.0,56.05,59.0,5.0,134,4,9.5,0,N,1221:와인/샴페인,5523024,284831000003,https://www.shilladfs.com/estore/kr/ko/p/5523024
참이슬후레쉬 200ml*5,한국전통술,4.4799999999999995,36.0,5.6,7.0,20.0,35,0,0.0,6,Y,1224:한국술,5952333,669331000054,https://www.shilladfs.com/estore/kr/ko/p/5952333
이강주 5호 500ml,한국전통술,26.880000000000003,36.0,33.6,42.0,20.0,18,0,0.0,6,Y,1224:한국술,5866133,669331000139,https://www.shilladfs.com/estore/kr/ko/p/5866133
토브렉 런릭 2022 750ml,토브렉,167.62,42.0,167.62,289.0,42.0,143,4,10.0,0,N,1221:와인/샴페인,5825115,284831000006,https://www.shilladfs.com/estore/kr/ko/p/5825115
테일러스 토니 포트 10년 750ml,테일러스 포트 와인,25.915999999999997,41.0,41.8,44.0,5.0,14,0,0.0,6,Y,1221:와인/샴페인,5983563,280631000007,https://www.shilladfs.com/estore/kr/ko/p/5983563
옥토모어 16.1 700ml,브룩라디,,,167.0,167.0,0.0,421,0,0.0,6,Y,1220:싱글몰트 위스키,5900472,085131000115,https://www.shilladfs.com/estore/kr/ko/p/5900472
듀어스 더블더블 21년 미즈나라캐스크 500ml,듀어스,92.56800000000001,47.0,165.3,174.0,5.0,626,1,10.0,0,N,1211:블렌디드 위스키,5268249,113531000075,https://www.shilladfs.com/estore/kr/ko/p/5268249
페넬로페 하바나 750ml,페닐로페,163.2,20.0,163.2,204.0,20.0,58,0,0.0,6,Y,1211:블렌디드 위스키,5970311,287531000016,https://www.shilladfs.com/estore/kr/ko/p/5970311
브룩라디 옥토모어 14.1 700ml,브룩라디,,,163.0,163.0,0.0,1881,6,10.0,0,N,1220:싱글몰트 위스키,5310713,085131000076,https://www.shilladfs.com/estore/kr/ko/p/5310713
안동소주 양반탈 400ml,케이전통주,19.38,43.0,32.3,34.0,5.0,37,0,0.0,6,Y,1224:한국술,5717219,955331000007,https://www.shilladfs.com/estore/kr/ko/p/5717219
더 글렌리벳 14년 1000ml,글렌리벳,59.51275,30.0,80.75,85.0,5.0,50,0,0.0,6,Y,1220:싱글몰트 위스키,5828031,110431000038,https://www.shilladfs.com/estore/kr/ko/p/5828031
솔송주 프리미엄 700ml,한국전통술,64.0,36.0,80.0,100.0,20.0,13,0,0.0,6,Y,1224:한국술,5868786,669331000072,https://www.shilladfs.com/estore/kr/ko/p/5868786
시크릿 스페이사이드 Longmorn 23년 700ml,글렌리벳,159.5,45.0,159.5,290.0,45.0,118,0,0.0,6,Y,1220:싱글몰트 위스키,5065827,110431000023,https://www.shilladfs.com/estore/kr/ko/p/5065827
더 글렌그란트 2006 프라이빗 캐스크 700ml,더 글렌그란트,98.704,50.0,159.2,199.0,20.0,200,0,0.0,0,N,1220:싱글몰트 위스키,5764516,257131000009,https://www.shilladfs.com/estore/kr/ko/p/5764516
보테가 브루넬로 디 몬탈치노 750ml,보테가,39.78,49.0,39.78,78.0,49.0,111,0,0.0,4,Y,1221:와인/샴페인,3738766,112331000007,https://www.shilladfs.com/estore/kr/ko/p/3738766
노주노교 자사대곡 52% 500ml,국교1573,31.8,40.0,31.8,53.0,40.0,125,0,0.0,6,Y,1216:중국술,5669636,284531000001,https://www.shilladfs.com/estore/kr/ko/p/5669636
덕혼 디코이 멀롯 2022 750ml,덕혼,21.317999999999998,35.0,31.35,33.0,5.0,193,1,10.0,6,Y,1221:와인/샴페인,5442468,268331000034,https://www.shilladfs.com/estore/kr/ko/p/5442468
글렌피딕 Vat 2 Perpetual Collection1000ML,글렌피딕,51.7,45.0,51.7,94.0,45.0,411,0,0.0,6,Y,1220:싱글몰트 위스키,5105344,082331000044,https://www.shilladfs.com/estore/kr/ko/p/5105344
더 글렌그란트 익스플로레이션 700ml,더 글렌그란트,51.6,57.0,51.6,120.0,57.0,100,1,10.0,6,Y,1220:싱글몰트 위스키,5569745,257131000008,https://www.shilladfs.com/estore/kr/ko/p/5569745
프라팡 XO VIP 700ml,프라팡,180.88,35.0,266.0,280.0,5.0,139,0,0.0,6,Y,1213:꼬냑,5515186,268331000047,https://www.shilladfs.com/estore/kr/ko/p/5515186
부쉬밀 마르사라 캐스크 21년 700ml,부쉬밀,153.7,42.0,153.7,265.0,42.0,281,2,10.0,0,N,1220:싱글몰트 위스키,5200760,130531000021,https://www.shilladfs.com/estore/kr/ko/p/5200760
ABERLOUR 16년 700ml,발렌타인,76.7,41.0,76.7,130.0,41.0,71,0,0.0,1,Y,1220:싱글몰트 위스키,5837405,046131000061,https://www.shilladfs.com/estore/kr/ko/p/5837405
울프블라스 블랙라벨 2017 750ml ,신세계 L&B,102.50999999999999,40.0,153.0,170.0,10.0,10,0,0.0,0,N,1221:와인/샴페인,5152377,115331000180,https://www.shilladfs.com/estore/kr/ko/p/5152377
제임스 헤네시 1000ml,헤네시,,,149.25,199.0,25.0,146,0,0.0,4,Y,1213:꼬냑,5390636,086931000066,https://www.shilladfs.com/estore/kr/ko/p/5390636
프라팡 시가 블렌드 XO 700ml,프라팡,101.422,35.0,149.15,157.0,5.0,93,0,0.0,6,Y,1213:꼬냑,5515189,268331000044,https://www.shilladfs.com/estore/kr/ko/p/5515189
The Lakes Kairos 700ml,더 레이크,49.5,55.0,49.5,110.0,55.0,14,0,0.0,4,Y,1220:싱글몰트 위스키,5690686,268331000068,https://www.shilladfs.com/estore/kr/ko/p/5690686
쿠르부아지에 XO 로얄 700ml,쿠르부아지에,145.0,50.0,145.0,290.0,50.0,76,0,0.0,6,Y,1213:꼬냑,5508490,109731000034,https://www.shilladfs.com/estore/kr/ko/p/5508490
금문 LIQU 플래티늄 드래곤 1000ml,금문고량주,24.119999999999997,40.0,36.0,40.0,10.0,72,0,0.0,0,N,1216:중국술,5819127,290831000002,https://www.shilladfs.com/estore/kr/ko/p/5819127
양허 몽지람 M6+ 미니세트 65ml,양허,21.375,15.0,23.75,25.0,5.0,142,0,0.0,6,Y,1216:중국술,5836004,067631000079,https://www.shilladfs.com/estore/kr/ko/p/5836004
페닐로페 바렐 스트렝스 750ml,페닐로페,35.55,55.0,35.55,79.0,55.0,112,0,0.0,0,N,1227:기타 주류,5680511,287531000002,https://www.shilladfs.com/estore/kr/ko/p/5680511
페넬로페 토스티드 바렐 750ml,페닐로페,35.55,55.0,35.55,79.0,55.0,106,0,0.0,6,Y,1227:기타 주류,5680512,287531000005,https://www.shilladfs.com/estore/kr/ko/p/5680512
빌까르살몽 드미 섹 750ml,빌까르 살몽,47.85,45.0,47.85,87.0,45.0,35,0,0.0,0,N,1221:와인/샴페인,5517700,268331000055,https://www.shilladfs.com/estore/kr/ko/p/5517700
랑주 청화랑 500ml,랑주,89.1765,40.0,141.55,149.0,5.0,178,1,10.0,6,Y,1216:중국술,5526753,067631000062,https://www.shilladfs.com/estore/kr/ko/p/5526753
보모어 14년 700ml,보모어,,,37.4,68.0,45.0,184,0,0.0,6,Y,1220:싱글몰트 위스키,5524536,114231000052,https://www.shilladfs.com/estore/kr/ko/p/5524536
돈훌리오 레포사도 750ml,돈훌리오,40.656000000000006,47.0,46.2,77.0,40.0,95,0,0.0,6,Y,1226:스피릿,5296058,254931000003,https://www.shilladfs.com/estore/kr/ko/p/5296058
샴페인 빌까르 살몽 르 블랑 드 블랑 750ml,빌까르 살몽,93.66999999999999,35.0,137.75,145.0,5.0,19,0,0.0,6,Y,1221:와인/샴페인,5952351,268331000085,https://www.shilladfs.com/estore/kr/ko/p/5952351
패트론 EL CIELO 700ml,패트론,88.16,39.0,137.75,145.0,5.0,54,0,0.0,6,Y,1226:스피릿,5274623,122131000016,https://www.shilladfs.com/estore/kr/ko/p/5274623
CODIGO 1530 ANEJO 750ml,올메카,68.4,40.0,68.4,114.0,40.0,23,0,0.0,5,Y,1226:스피릿,5866595,132431000005,https://www.shilladfs.com/estore/kr/ko/p/5866595
아드벡 우거다일 700ml,아드벡,64.83749999999999,29.0,68.25,91.0,25.0,344,0,0.0,0,N,1220:싱글몰트 위스키,5713333,108631000058,https://www.shilladfs.com/estore/kr/ko/p/5713333
그라함 10년 750ml,그라함,36.252,50.0,68.4,72.0,5.0,388,2,10.0,6,Y,1221:와인/샴페인,5070884,154531000002,https://www.shilladfs.com/estore/kr/ko/p/5070884
까뮤 싱글 서브 30ml*6,까뮤,135.52,56.0,135.52,308.0,56.0,67,0,0.0,6,Y,1213:꼬냑,5591821,070031000051,https://www.shilladfs.com/estore/kr/ko/p/5591821
고려홍X.O 700ml,한국전통술,27.0,55.0,27.0,60.0,55.0,6,0,0.0,6,Y,1224:한국술,3741049,669331000057,https://www.shilladfs.com/estore/kr/ko/p/3741049
화요25 750ml,화요,10.29,51.0,10.29,21.0,51.0,26,0,0.0,6,Y,1224:한국술,5868512,669331000103,https://www.shilladfs.com/estore/kr/ko/p/5868512
잭다니엘 블랙라벨 1000ml,잭다니엘,18.62,47.0,33.25,35.0,5.0,684,9,9.55555556,6,Y,1211:블렌디드 위스키,5070932,114931000001,https://www.shilladfs.com/estore/kr/ko/p/5070932
쿠르부아지에 VSOP 1000ml,쿠르부아지에,44.2,48.0,44.2,85.0,48.0,37,0,0.0,6,Y,1213:꼬냑,5508626,109731000038,https://www.shilladfs.com/estore/kr/ko/p/5508626
국교 1573 클래식 52% 500ml,국교1573,118.18475000000001,15.0,132.05,139.0,5.0,229,1,10.0,1,Y,1216:중국술,5669117,284531000003,https://www.shilladfs.com/estore/kr/ko/p/5669117
시크릿 스페이사이드 Longmorn 18년 700ml,글렌리벳,70.3,30.0,95.0,100.0,5.0,457,3,7.33333333,6,Y,1220:싱글몰트 위스키,5065830,110431000022,https://www.shilladfs.com/estore/kr/ko/p/5065830
프라팡 15년 700ml,프라팡,89.14799999999998,35.0,131.1,138.0,5.0,44,0,0.0,6,Y,1213:꼬냑,5515188,268331000041,https://www.shilladfs.com/estore/kr/ko/p/5515188
시크릿 스페이사이드 Caperdonich 18년 Peated 700ml,글렌리벳,65.0,50.0,65.0,130.0,50.0,182,0,0.0,6,Y,1220:싱글몰트 위스키,5065829,110431000020,https://www.shilladfs.com/estore/kr/ko/p/5065829
토브렉 스테딩 2022 750ml,토브렉,25.97,47.0,25.97,49.0,47.0,81,1,10.0,6,Y,1221:와인/샴페인,5523027,284831000004,https://www.shilladfs.com/estore/kr/ko/p/5523027
조야 천연유자 과실주 750ml,조야,10.78,51.0,10.78,22.0,51.0,183,1,10.0,6,Y,1221:와인/샴페인,5249009,112431000009,https://www.shilladfs.com/estore/kr/ko/p/5249009
Junpin Xijiu 100ml,시주,18.48,44.0,18.48,33.0,44.0,29,0,0.0,6,Y,1216:중국술,5770698,284531000009,https://www.shilladfs.com/estore/kr/ko/p/5770698
민속주 안동소주 800ml,케이전통주,25.65,43.0,42.75,45.0,5.0,44,0,0.0,6,Y,1224:한국술,5717210,955331000006,https://www.shilladfs.com/estore/kr/ko/p/5717210
듀어스 더블더블 20년 500ml,듀어스,70.756,47.0,126.35,133.0,5.0,740,5,10.0,0,N,1211:블렌디드 위스키,5268250,113531000068,https://www.shilladfs.com/estore/kr/ko/p/5268250
폴 존 피티드 1000ml,폴 존,42.0,58.0,42.0,100.0,58.0,97,0,0.0,6,Y,1220:싱글몰트 위스키,5311922,249031000023,https://www.shilladfs.com/estore/kr/ko/p/5311922
와일드터키 마스터스 킵 언포가튼 750ml,와일드터키,126.0,10.0,126.0,140.0,10.0,379,1,10.0,0,N,1211:블렌디드 위스키,5605263,257231000007,https://www.shilladfs.com/estore/kr/ko/p/5605263
쟝 미쉘 까즈 미쉘린치 프레스티지 생에밀리온 750ml,쟝 미쉘 까즈,19.38,43.0,32.3,34.0,5.0,44,0,0.0,6,Y,1221:와인/샴페인,5104883,117931000007,https://www.shilladfs.com/estore/kr/ko/p/5104883
주귀주 홍단 20 500ml,주귀주,39.501000000000005,40.0,62.7,66.0,5.0,20,0,0.0,6,Y,1216:중국술,5782014,067631000075,https://www.shilladfs.com/estore/kr/ko/p/5782014
주라 19년 700ml,주라,67.71600000000001,49.0,125.4,132.0,5.0,5,0,0.0,6,Y,1220:싱글몰트 위스키,5928726,114431000122,https://www.shilladfs.com/estore/kr/ko/p/5928726
PAUL JOHN PEATED 올로로소 700ml,폴 존,123.75,55.0,123.75,275.0,55.0,57,0,0.0,6,Y,1220:싱글몰트 위스키,5461900,249031000057,https://www.shilladfs.com/estore/kr/ko/p/5461900
더 글렌그란트 15년 1000ml,더 글렌그란트,61.44,52.0,61.44,128.0,52.0,1032,2,10.0,0,N,1220:싱글몰트 위스키,5173493,257131000002,https://www.shilladfs.com/estore/kr/ko/p/5173493
고든앤맥패일 코노세어초이스 올트모어 세인트조셉 2009 13년 700ml,고든 앤 맥패일,122.85,35.0,122.85,189.0,35.0,33,1,10.0,0,N,1220:싱글몰트 위스키,5677223,115431000182,https://www.shilladfs.com/estore/kr/ko/p/5677223
코네따블 드 딸보 2020 750ml,샤토 딸보,38.8075,10.0,40.85,43.0,5.0,9,0,0.0,6,Y,1221:와인/샴페인,5891171,287231000023,https://www.shilladfs.com/estore/kr/ko/p/5891171
폴존 미투나 750ml,폴 존,121.9,47.0,121.9,230.0,47.0,28,0,0.0,6,Y,1220:싱글몰트 위스키,5461894,249031000055,https://www.shilladfs.com/estore/kr/ko/p/5461894
돈훌리오 1942 750ml,돈훌리오,109.62,46.0,121.8,203.0,40.0,538,3,10.0,0,N,1226:스피릿,5296321,254931000001,https://www.shilladfs.com/estore/kr/ko/p/5296321
몬테스 윙스 2020 750ml,몬테스,41.343999999999994,35.0,60.8,64.0,5.0,35,0,0.0,6,Y,1221:와인/샴페인,5618608,268331000064,https://www.shilladfs.com/estore/kr/ko/p/5618608
샤또 딸보 2018 750ml,샤토 딸보,109.44,15.0,121.6,128.0,5.0,139,0,0.0,6,Y,1221:와인/샴페인,5778060,287231000019,https://www.shilladfs.com/estore/kr/ko/p/5778060
조니워커 블랙 트리플 캐스크 1000ml,조니워커,30.24,52.0,30.24,63.0,52.0,346,0,0.0,6,Y,1211:블렌디드 위스키,5082567,046331000049,https://www.shilladfs.com/estore/kr/ko/p/5082567
델라망 페일 & 드라이 XO 500ml,델라망,80.74999999999999,35.0,118.75,125.0,5.0,14,0,0.0,6,Y,1213:꼬냑,5804875,292831000007,https://www.shilladfs.com/estore/kr/ko/p/5804875
에버펠디 16년 마데이라 700ml,에버펠디,64.125,49.0,118.75,125.0,5.0,270,0,0.0,6,Y,1220:싱글몰트 위스키,5336801,113531000080,https://www.shilladfs.com/estore/kr/ko/p/5336801
잭다니엘 허니 1000ml,잭다니엘,18.9525,46.0,33.25,35.0,5.0,325,4,9.5,6,Y,1211:Blended Whisky,3299108,114931000005,https://www.shilladfs.com/estore/kr/ko/p/3299108
시크릿 스페이사이드 Caperdonich 21년 700ml,글렌리벳,117.5,53.0,117.5,250.0,53.0,118,0,0.0,0,N,1220:싱글몰트 위스키,5065825,110431000019,https://www.shilladfs.com/estore/kr/ko/p/5065825
토마틴 16년 700ml,토마틴,38.95,59.0,38.95,95.0,59.0,159,0,0.0,6,Y,1220:싱글몰트 위스키,5310222,270131000003,https://www.shilladfs.com/estore/kr/ko/p/5310222
" 알베르비쇼, 알록스 꼬르동 1ER 크뤼 750ml",알베르 비쇼,67.22200000000001,45.0,115.9,122.0,5.0,70,0,0.0,0,N,1221:와인/샴페인,5314439,117531000008,https://www.shilladfs.com/estore/kr/ko/p/5314439
몰트락 네버바운드 700ml,몰트락,85.5,29.0,114.0,120.0,5.0,45,0,0.0,6,Y,1220:싱글몰트 위스키,5845281,111231000053,https://www.shilladfs.com/estore/kr/ko/p/5845281
금문 LIQU 플래티늄 드래곤 500ml*2,금문고량주,25.325999999999997,40.0,37.8,42.0,10.0,64,0,0.0,0,N,1216:중국술,5819126,290831000001,https://www.shilladfs.com/estore/kr/ko/p/5819126
Balblair 15 Years Old 1000ml,발블레어,68.625,45.0,112.5,125.0,10.0,18,0,0.0,6,Y,1220:싱글몰트 위스키,5865409,265731000006,https://www.shilladfs.com/estore/kr/ko/p/5865409
보 주아 브뤼 네이쳐 750ml,보 주아,56.1,49.0,56.1,110.0,49.0,41,0,0.0,6,Y,1221:와인/샴페인,5503770,280531000001,https://www.shilladfs.com/estore/kr/ko/p/5503770
토카이 아수 6 1994 500ml,폴레츠키 빈,112.2,15.0,112.2,132.0,15.0,21,0,0.0,6,Y,1221:와인/샴페인,5993087,287531000022,https://www.shilladfs.com/estore/kr/ko/p/5993087
The Lakes Equinox 700ml,더 레이크,76.228,35.0,112.1,118.0,5.0,15,0,0.0,6,Y,1220:싱글몰트 위스키,5690687,268331000069,https://www.shilladfs.com/estore/kr/ko/p/5690687
달모어 12년 1000ml,달모어,,,111.15,117.0,5.0,657,9,9.77777778,0,N,1220:싱글몰트 위스키,3612922,114431000003,https://www.shilladfs.com/estore/kr/ko/p/3612922
바카디 모히또 1000ml,바카디,12.75,49.0,21.25,25.0,15.0,37,0,0.0,6,Y,1226:스피릿,5070838,113431000004,https://www.shilladfs.com/estore/kr/ko/p/5070838
조니워커 레드 1L,조니워커,17.3565,40.0,27.55,29.0,5.0,30,0,0.0,6,Y,1211:블렌디드 위스키,5817684,046331000090,https://www.shilladfs.com/estore/kr/ko/p/5817684
웰러 스페셜 리저브 750ml,버팔로 트레이스,48.0,50.0,48.0,96.0,50.0,123,0,0.0,6,Y,1211:블렌디드 위스키,5676433,258231000022,https://www.shilladfs.com/estore/kr/ko/p/5676433
오매락 퍽 500ml,한국전통술,43.52,36.0,54.4,68.0,20.0,6,0,0.0,6,Y,1224:한국술,5933641,669331000149,https://www.shilladfs.com/estore/kr/ko/p/5933641
글렌알라키 8년 700ml,글렌알라키,43.771,52.0,67.34,91.0,26.0,160,0,0.0,6,Y,1220:싱글몰트 위스키,5249072,265631000001,https://www.shilladfs.com/estore/kr/ko/p/5249072
우량예 미니 52% 50ml,우량예,18.0,25.0,18.0,24.0,25.0,254,9,9.77777778,6,Y,1216:중국술,5544528,067631000070,https://www.shilladfs.com/estore/kr/ko/p/5544528
백년노주노교 교령 60년 52% 500ml,국교1573,36.0,40.0,36.0,60.0,40.0,101,0,0.0,6,Y,1216:중국술,5669471,284531000002,https://www.shilladfs.com/estore/kr/ko/p/5669471
샤보 XO Superior 700ml,샤보,53.76,52.0,53.76,112.0,52.0,316,2,10.0,6,Y,1213:꼬냑,5070521,109131000003,https://www.shilladfs.com/estore/kr/ko/p/5070521
The Lakes Reserve No.7 700ml,더 레이크,72.99799999999999,35.0,107.35,113.0,5.0,30,0,0.0,0,N,1220:싱글몰트 위스키,5690685,268331000066,https://www.shilladfs.com/estore/kr/ko/p/5690685
The Lakes Reserve No.6 700ml,더 레이크,72.99799999999999,35.0,107.35,113.0,5.0,25,0,0.0,0,N,1220:싱글몰트 위스키,5690683,268331000065,https://www.shilladfs.com/estore/kr/ko/p/5690683
맥탈라 스타라타 15년 700ml,맥탈라,56.8955,50.0,107.35,113.0,5.0,31,0,0.0,6,Y,1220:싱글몰트 위스키,5311848,249031000018,https://www.shilladfs.com/estore/kr/ko/p/5311848
독도소주 37도 500ml,한국전통술,15.3,55.0,15.3,34.0,55.0,4,0,0.0,6,Y,1224:한국술,5937452,669331000153,https://www.shilladfs.com/estore/kr/ko/p/5937452
사락골드 500ml,케이전통주,21.09,43.0,35.15,37.0,5.0,46,0,0.0,6,Y,1224:한국술,5839582,955331000026,https://www.shilladfs.com/estore/kr/ko/p/5839582
캔달 잭슨 빈트너스 리저브 샤르도네 2021 750ml,와인나라,17.555999999999997,20.0,20.9,22.0,5.0,131,0,0.0,6,Y,1221:와인/샴페인,5595164,115431000169,https://www.shilladfs.com/estore/kr/ko/p/5595164
글렌드로낙 16년 700ml,글렌드로낙,103.95,23.0,103.95,135.0,23.0,2415,9,9.77777778,6,Y,1220:싱글몰트 위스키,4391067,114931000034,https://www.shilladfs.com/estore/kr/ko/p/4391067
테일러스 세인트 앤드류 까베르네 소비뇽 750ml,테일러스,27.702,49.0,51.3,54.0,5.0,27,0,0.0,6,Y,1221:와인/샴페인,5249101,258931000005,https://www.shilladfs.com/estore/kr/ko/p/5249101
금문 LIQU 금문고량주 8년 600ml,금문고량주,68.139,40.0,101.7,113.0,10.0,55,1,10.0,6,Y,1216:중국술,5819122,290831000004,https://www.shilladfs.com/estore/kr/ko/p/5819122
잭다니엘 아메리칸 싱글몰트 1000ml,잭다니엘,50.4,37.0,50.4,80.0,37.0,189,0,0.0,6,Y,1220:싱글몰트 위스키,5316476,114931000047,https://www.shilladfs.com/estore/kr/ko/p/5316476
"하이츠 셀라, 쿼츠 크릭 빈야드 샤르도네 2021 750ml",하이츠 셀라,74.518,30.0,100.7,106.0,5.0,42,0,0.0,6,Y,1221:와인/샴페인,5705510,288831000002,https://www.shilladfs.com/estore/kr/ko/p/5705510
군품습주(면세 한정판) 53% 500ml,시주,100.1,30.0,100.1,143.0,30.0,16,0,0.0,6,Y,1216:중국술,5982963,284531000017,https://www.shilladfs.com/estore/kr/ko/p/5982963
하이랜드 파크 EAGLE 16년 700ml,하이랜드 파크,65.0,48.0,100.0,125.0,20.0,164,0,0.0,0,N,1220:싱글몰트 위스키,5145173,112031000020,https://www.shilladfs.com/estore/kr/ko/p/5145173
NEW 올트모어 21년 (깔바도스) 500ml,올트모어,103.97750000000002,48.0,189.05,199.0,5.0,228,0,0.0,6,Y,1220:싱글몰트 위스키,5560834,113531000086,https://www.shilladfs.com/estore/kr/ko/p/5560834
핸드릭스 오리지널 1000ml,발베니,33.0,40.0,33.0,55.0,40.0,224,1,10.0,6,Y,1226:스피릿,5437410,112231000030,https://www.shilladfs.com/estore/kr/ko/p/5437410
호세쿠엘보 1800 데킬라 아네호 700ml,호세쿠엘보,33.0,45.0,33.0,60.0,45.0,286,4,9.0,6,Y,1226:스피릿,5200748,130531000011,https://www.shilladfs.com/estore/kr/ko/p/5200748
The Lakes Resfeber 700ml,더 레이크,49.5,55.0,49.5,110.0,55.0,14,0,0.0,6,Y,1220:싱글몰트 위스키,5690684,268331000067,https://www.shilladfs.com/estore/kr/ko/p/5690684
시바스리갈 18년 200ml,시바스리갈,18.2039,30.0,24.7,26.0,5.0,197,3,10.0,6,Y,1211:블렌디드 위스키,5075893,110331000024,https://www.shilladfs.com/estore/kr/ko/p/5075893
바카디 파쿤도 Exquisito 700ml,바카디,98.0,51.0,98.0,200.0,51.0,14,0,0.0,6,Y,1226:스피릿,5541880,113431000042,https://www.shilladfs.com/estore/kr/ko/p/5541880
오초 데킬라 레포사도 750ml,와인나라,66.538,35.0,97.85,103.0,5.0,30,0,0.0,6,Y,1226:스피릿,5641779,274231000025,https://www.shilladfs.com/estore/kr/ko/p/5641779
쿨일라 12년 750ml,쿨일라,53.8175,48.0,97.85,103.0,5.0,124,0,0.0,6,Y,1220:싱글몰트 위스키,5082284,111131000010,https://www.shilladfs.com/estore/kr/ko/p/5082284
레드브레스트 15년 700ml,제임슨,72.67500000000001,29.0,96.9,102.0,5.0,85,0,0.0,6,Y,1211:블렌디드 위스키,5769829,110531000007,https://www.shilladfs.com/estore/kr/ko/p/5769829
클라우디 베이 피노 누아 750ml,클라우디 베이,,,32.25,43.0,25.0,4,0,0.0,6,Y,1221:와인/샴페인,5988520,108931000121,https://www.shilladfs.com/estore/kr/ko/p/5988520
프라팡 VSOP 700ml,프라팡,48.0,52.0,48.0,100.0,52.0,11,0,0.0,6,Y,1213:꼬냑,5752515,268331000071,https://www.shilladfs.com/estore/kr/ko/p/5752515
부쉬밀 쉐리 캐스크 10년 1000ml,부쉬밀,31.185,55.0,31.5,70.0,55.0,160,0,0.0,6,Y,1220:싱글몰트 위스키,5200752,130531000019,https://www.shilladfs.com/estore/kr/ko/p/5200752
싱글톤 가든스 오브 어번던스 - 골든 어텀 오차드 1000ml,싱글톤,51.7275,48.0,94.05,99.0,5.0,88,1,10.0,6,Y,1220:싱글몰트 위스키,5478855,111231000045,https://www.shilladfs.com/estore/kr/ko/p/5478855
뉴리프 8년 버번 750ml,뉴리프,68.89399999999999,30.0,93.1,98.0,5.0,156,1,10.0,6,Y,1211:블렌디드 위스키,5917129,295531000003,https://www.shilladfs.com/estore/kr/ko/p/5917129
뉴리프 8년 라이 750ml,뉴리프,68.89399999999999,30.0,93.1,98.0,5.0,97,0,0.0,6,Y,1211:블렌디드 위스키,5917042,295531000002,https://www.shilladfs.com/estore/kr/ko/p/5917042
금산인삼주 세트 375ml*3,케이전통주,31.0,50.0,31.0,62.0,50.0,24,0,0.0,6,Y,1224:한국술,5717426,955331000022,https://www.shilladfs.com/estore/kr/ko/p/5717426
이강주 프리미엄(당초) 1000ml,한국전통술,74.24,36.0,92.8,116.0,20.0,10,0,0.0,6,Y,1224:한국술,5866136,669331000141,https://www.shilladfs.com/estore/kr/ko/p/5866136
제임슨 블랙배럴 1000ml,제임슨,30.5266,48.0,30.68,59.0,48.0,14,0,0.0,6,Y,1211:블렌디드 위스키,5661456,110531000006,https://www.shilladfs.com/estore/kr/ko/p/5661456
1865 보이저 20년산 바인 750ml,1865 와인,18.24,43.0,30.4,32.0,5.0,62,0,0.0,6,Y,1221:와인/샴페인,5595181,281231000004,https://www.shilladfs.com/estore/kr/ko/p/5595181
부쉬밀 블랙부쉬 80/20 PX 1000ml,부쉬밀,22.275,55.0,22.5,50.0,55.0,73,0,0.0,6,Y,1211:블렌디드 위스키,5200758,130531000018,https://www.shilladfs.com/estore/kr/ko/p/5200758
연태구냥 백금판 500ml,연태구냥,53.1,41.0,53.1,90.0,41.0,139,1,10.0,6,Y,1216:중국술,5430956,251331000001,https://www.shilladfs.com/estore/kr/ko/p/5430956
다우 30년 숙성 토니 포트 750ml,다우,91.2,40.0,91.2,152.0,40.0,18,0,0.0,6,Y,1221:와인/샴페인,5812226,268331000076,https://www.shilladfs.com/estore/kr/ko/p/5812226
카미키 사쿠라 500ml,카미키,44.52,47.0,44.52,84.0,47.0,19,0,0.0,6,Y,1211:블렌디드 위스키,5696485,254631000027,https://www.shilladfs.com/estore/kr/ko/p/5696485
한주고려인삼주 1100ml,한국전통술,71.04,36.0,88.8,111.0,20.0,3,0,0.0,6,Y,1224:한국술,5869245,669331000085,https://www.shilladfs.com/estore/kr/ko/p/5869245
보테가 페탈로 모스카토 핑크 750ml,보테가,27.531000000000002,40.0,43.7,46.0,5.0,373,1,10.0,6,Y,1221:와인/샴페인,5070680,112331000008,https://www.shilladfs.com/estore/kr/ko/p/5070680
잭다니엘 젠틀맨 잭 1000ml,잭다니엘,25.346000000000004,45.0,43.7,46.0,5.0,130,0,0.0,6,Y,1211:블렌디드 위스키,5070934,114931000002,https://www.shilladfs.com/estore/kr/ko/p/5070934
기원 달 기프트팩 700ml,기원 위스키,43.2,40.0,43.2,72.0,40.0,7,0,0.0,6,Y,1220:싱글몰트 위스키,5969885,922031000010,https://www.shilladfs.com/estore/kr/ko/p/5969885
몬테스 알파 블랙 라벨 카버네 소비뇽 2022 750ml,몬테스,19.38,35.0,28.5,30.0,5.0,47,0,0.0,6,Y,1221:와인/샴페인,5618604,268331000060,https://www.shilladfs.com/estore/kr/ko/p/5618604
화요200 3종2호 200ml*3,케이전통주,27.929999999999996,43.0,46.55,49.0,5.0,27,0,0.0,6,Y,1224:한국술,5717218,955331000002,https://www.shilladfs.com/estore/kr/ko/p/5717218
글렌스코시아 Crosshill Loch 1000ml,글렌 스코시아,47.88,50.0,85.5,95.0,10.0,225,5,9.6,0,N,1220:싱글몰트 위스키,5267814,265131000002,https://www.shilladfs.com/estore/kr/ko/p/5267814
볼랭저 스페셜 뀌베 브뤼 750ml,볼랭저,71.2,20.0,71.2,89.0,20.0,164,0,0.0,0,N,1221:와인/샴페인,5804871,292831000001,https://www.shilladfs.com/estore/kr/ko/p/5804871
발렌타인 10년 1000ml,발렌타인,30.806599999999996,30.0,41.8,44.0,5.0,67,0,0.0,6,Y,1211:블렌디드 위스키,5269996,046131000052,https://www.shilladfs.com/estore/kr/ko/p/5269996
빌까르살몽 브뤼 나뚜르 750ml,빌까르 살몽,56.84799999999999,35.0,83.6,88.0,5.0,31,0,0.0,0,N,1221:와인/샴페인,5517693,268331000051,https://www.shilladfs.com/estore/kr/ko/p/5517693
로랑페리에 밀레짐 2015 750ml,로랑 페리에,83.2,35.0,83.2,128.0,35.0,520,0,0.0,0,N,1221:와인/샴페인,5486462,117231000010,https://www.shilladfs.com/estore/kr/ko/p/5486462
시크릿 스페이사이드 Glen Keith 21년 700ml,글렌리벳,82.8,54.0,82.8,180.0,54.0,335,2,7.0,0,N,1220:싱글몰트 위스키,5065828,110431000024,https://www.shilladfs.com/estore/kr/ko/p/5065828
샤또 지스꾸르 2021 750ml,샤토 지스꾸르,69.426,20.0,82.65,87.0,5.0,6,0,0.0,6,Y,1221:와인/샴페인,5891174,287231000022,https://www.shilladfs.com/estore/kr/ko/p/5891174
젠틀맨스 컷 버번 750ml,젠틀맨스 컷,82.35,55.0,82.35,183.0,55.0,89,0,0.0,6,Y,1211:블렌디드 위스키,5345783,268331000018,https://www.shilladfs.com/estore/kr/ko/p/5345783
잭다니엘 블랙 맥라렌 에디션 1000ml,잭다니엘,20.58,51.0,20.58,42.0,51.0,114,0,0.0,6,Y,1211:블렌디드 위스키,5334658,114931000048,https://www.shilladfs.com/estore/kr/ko/p/5334658
오타드 XO Gold 700ml,오타드,81.9,55.0,81.9,182.0,55.0,72,1,10.0,0,N,1213:꼬냑,5070750,113331000003,https://www.shilladfs.com/estore/kr/ko/p/5070750
분주 30년 500ml,분주,81.2,44.0,81.2,145.0,44.0,736,2,10.0,0,N,1216:중국술,5104694,067631000035,https://www.shilladfs.com/estore/kr/ko/p/5104694
ABERLOUR 13년 700ml,발렌타인,40.5,46.0,40.5,75.0,46.0,63,0,0.0,0,N,1220:싱글몰트 위스키,5663013,046131000060,https://www.shilladfs.com/estore/kr/ko/p/5663013
듀어스 16년 1000ml,듀어스,45.220000000000006,47.0,80.75,85.0,5.0,173,0,0.0,6,Y,1211:블렌디드 위스키,5102016,113531000056,https://www.shilladfs.com/estore/kr/ko/p/5102016
고창명산품복분자 500ml,한국전통술,21.12,36.0,26.4,33.0,20.0,24,0,0.0,6,Y,1224:한국술,5869244,669331000070,https://www.shilladfs.com/estore/kr/ko/p/5869244
오켄토션 블러드 오크 1000ml,오켄토션,39.59,63.0,39.59,107.0,63.0,34,0,0.0,6,Y,1220:싱글몰트 위스키,5109734,114231000030,https://www.shilladfs.com/estore/kr/ko/p/5109734
더 글렌그란트 캐스크 헤이븐 1000ml,더 글렌그란트,39.15,55.0,39.15,87.0,55.0,62,0,0.0,6,Y,1220:싱글몰트 위스키,5173367,257131000001,https://www.shilladfs.com/estore/kr/ko/p/5173367
제임슨 Standard 1000ml,제임슨,19.305,51.0,19.5,39.0,50.0,112,1,10.0,6,Y,1211:블렌디드 위스키,5069997,110531000001,https://www.shilladfs.com/estore/kr/ko/p/5069997
코네따블 드 딸보 2021 750ml,샤토 딸보,38.95,5.0,38.95,41.0,5.0,11,0,0.0,6,Y,1221:와인/샴페인,5891175,287231000024,https://www.shilladfs.com/estore/kr/ko/p/5891175
시바스리갈 XV 1000ml,시바스리갈,57.4123,30.0,77.9,82.0,5.0,36,0,0.0,6,Y,1211:블렌디드 위스키,5076120,110331000021,https://www.shilladfs.com/estore/kr/ko/p/5076120
마셀 드 샹제 알록스 꼬르통 2021 750ml,마셀 드 샹제,39.0,50.0,39.0,78.0,50.0,27,0,0.0,4,Y,1221:와인/샴페인,5434845,268331000028,https://www.shilladfs.com/estore/kr/ko/p/5434845
짐빔 싱글 배럴  750ml,짐빔,19.27,59.0,19.27,47.0,59.0,78,0,0.0,6,Y,1211:블렌디드 위스키,5303267,109831000018,https://www.shilladfs.com/estore/kr/ko/p/5303267
토카이 아수 6 2018 500ml,폴레츠키 빈,38.25,15.0,38.25,45.0,15.0,16,0,0.0,6,Y,1221:와인/샴페인,5993086,287531000021,https://www.shilladfs.com/estore/kr/ko/p/5993086
글렌드로낙 10년 1000ml,글렌드로낙,47.88,40.0,76.0,80.0,5.0,577,1,10.0,6,Y,1220:싱글몰트 위스키,5088303,114931000033,https://www.shilladfs.com/estore/kr/ko/p/5088303
토카이 아수 6 푸토뇨스 2013 500ml,비네센코리아,75.46,51.0,75.46,154.0,51.0,163,1,10.0,6,Y,1221:와인/샴페인,5552050,272731000037,https://www.shilladfs.com/estore/kr/ko/p/5552050
TAMDHU 14yo Ambar Vintage 2009 700ml,탐두,75.06,46.0,75.06,139.0,46.0,101,0,0.0,6,Y,1220:싱글몰트 위스키,5865403,294531000006,https://www.shilladfs.com/estore/kr/ko/p/5865403
랑주 홍화랑 15년 500ml,랑주,47.2815,40.0,75.05,79.0,5.0,96,0,0.0,6,Y,1216:중국술,5526755,067631000065,https://www.shilladfs.com/estore/kr/ko/p/5526755
샤또 데스끌랑 위스퍼링 엔젤 750ml,샤또 데스끌랑,,,14.85,27.0,45.0,78,1,10.0,6,Y,1221:와인/샴페인,5454631,108931000079,https://www.shilladfs.com/estore/kr/ko/p/5454631
클라우디 베이 소비뇽 블랑 750ml,클라우디 베이,,,24.75,33.0,25.0,257,1,10.0,0,N,1221:와인/샴페인,5713335,108931000112,https://www.shilladfs.com/estore/kr/ko/p/5713335
분주 20년 475ml,분주,37.12,42.0,37.12,64.0,42.0,140,3,10.0,6,Y,1216:중국술,5104693,067631000034,https://www.shilladfs.com/estore/kr/ko/p/5104693
슐럼베르거 클림트 키스 뀌베 브뤼 750ml,와인나라,14.211999999999998,35.0,20.9,22.0,5.0,125,2,10.0,6,Y,1221:와인/샴페인,5147043,115431000093,https://www.shilladfs.com/estore/kr/ko/p/5147043
카이요 Japanese Mizunara Cask Strength 700ml,카이요 위스키,73.35,55.0,73.35,163.0,55.0,173,1,10.0,6,Y,1220:싱글몰트 위스키,5437281,276631000005,https://www.shilladfs.com/estore/kr/ko/p/5437281
어나더 헨드릭스 진 1000ml,발베니,35.75,35.0,35.75,55.0,35.0,12,0,0.0,6,Y,1226:스피릿,5967020,112231000054,https://www.shilladfs.com/estore/kr/ko/p/5967020
발렌타인 FINEST 1000ml,발렌타인,17.50375,30.0,23.75,25.0,5.0,202,5,9.6,6,Y,1211:블렌디드 위스키,5070257,046131000011,https://www.shilladfs.com/estore/kr/ko/p/5070257
더 글렌리벳 12년 1000ml,글렌리벳,52.51125,30.0,71.25,75.0,5.0,137,0,0.0,0,N,1220:싱글몰트 위스키,5615979,110431000015,https://www.shilladfs.com/estore/kr/ko/p/5615979
사득주 도전자 세트 500ml*2,사득주,96.25,23.0,96.25,125.0,23.0,17,0,0.0,6,Y,1216:중국술,5531043,067631000068,https://www.shilladfs.com/estore/kr/ko/p/5531043
페넬로페 프로젝트 X 스페니시 브랜디 750ml,페닐로페,71.2,20.0,71.2,89.0,20.0,54,0,0.0,6,Y,1220:싱글몰트 위스키,5916422,287531000015,https://www.shilladfs.com/estore/kr/ko/p/5916422
보테가 아마로네 델라 발폴리첼라 750ml,보테가,35.25,53.0,35.25,75.0,53.0,87,0,0.0,0,N,1221:와인/샴페인,5070674,112331000002,https://www.shilladfs.com/estore/kr/ko/p/5070674
류 APEC 리더스 에디션 500ml*2,류,45.6,43.0,76.0,80.0,5.0,9,0,0.0,6,Y,1224:한국술,5864438,955331000027,https://www.shilladfs.com/estore/kr/ko/p/5864438
로크로몬드 8년 Madeira 1000ml,로크 로몬드,23.4,55.0,23.4,52.0,55.0,116,2,10.0,6,Y,1220:싱글몰트 위스키,5267810,268831000002,https://www.shilladfs.com/estore/kr/ko/p/5267810
패터캐른 17년 700ml,패터캐른,69.44,44.0,69.44,124.0,44.0,67,0,0.0,6,Y,1220:싱글몰트 위스키,5401205,114431000108,https://www.shilladfs.com/estore/kr/ko/p/5401205
더글라스랭 OP GLENBURGIE 15년 700ml,더글라스랭,68.16149999999999,55.0,68.85,153.0,55.0,63,0,0.0,6,Y,1220:싱글몰트 위스키,5228859,265431000004,https://www.shilladfs.com/estore/kr/ko/p/5228859
글렌모레이 12년 1000ml,글렌모레이,36.252,50.0,68.4,72.0,5.0,36,0,0.0,0,N,1220:싱글몰트 위스키,5313551,249031000014,https://www.shilladfs.com/estore/kr/ko/p/5313551
글렌모렌지 팔로 코르타도 12년 700ml,글렌모렌지,66.75,25.0,66.75,89.0,25.0,19,0,0.0,6,Y,1220:싱글몰트 위스키,6013490,108631000042,https://www.shilladfs.com/estore/kr/ko/p/6013490
더 글렌그란트 16년 1000ml,더 글렌그란트,66.7,42.0,66.7,115.0,42.0,36,0,0.0,6,Y,1220:싱글몰트 위스키,5925291,257131000013,https://www.shilladfs.com/estore/kr/ko/p/5925291
바카디 10년 1L,바카디,34.632,53.0,66.6,74.0,10.0,34,1,10.0,1,Y,1226:스피릿,5102015,113431000026,https://www.shilladfs.com/estore/kr/ko/p/5102015
바디아 아 파시냐노 키안티 그란 셀레찌오네 2021 750ml,와인나라,55.86,20.0,66.5,70.0,5.0,61,0,0.0,6,Y,1221:와인/샴페인,5593511,115431000137,https://www.shilladfs.com/estore/kr/ko/p/5593511
더 글렌리벳 트리플 캐스크 머추어드 1000ml,글렌리벳,33.15,49.0,33.15,65.0,49.0,11,0,0.0,6,Y,1220:싱글몰트 위스키,5948829,110431000039,https://www.shilladfs.com/estore/kr/ko/p/5948829
버팔로 트레이스 이글레어 10년 버번 위스키 750ml,버팔로 트레이스,33.06,43.0,33.06,58.0,43.0,455,0,0.0,6,Y,1211:블렌디드 위스키,5474380,258231000009,https://www.shilladfs.com/estore/kr/ko/p/5474380
돈훌리오 블랑코 750ml,돈훌리오,31.68,47.0,36.0,60.0,40.0,101,0,0.0,6,Y,1226:스피릿,5295909,254931000002,https://www.shilladfs.com/estore/kr/ko/p/5295909
뉴리프 바틀인본드 버번 750ml,뉴리프,47.803999999999995,30.0,64.6,68.0,5.0,48,0,0.0,6,Y,1211:블렌디드 위스키,5916570,295531000001,https://www.shilladfs.com/estore/kr/ko/p/5916570
쟝 미쉘 까즈 세네쇼 레드 750ml,쟝 미쉘 까즈,38.76,43.0,64.6,68.0,5.0,138,0,0.0,6,Y,1221:Wine & Champagne,3316823,117931000001,https://www.shilladfs.com/estore/kr/ko/p/3316823
클라우디 베이 테 와히 750ml,클라우디 베이,,,64.35,99.0,35.0,69,0,0.0,6,Y,1221:와인/샴페인,5454441,108931000076,https://www.shilladfs.com/estore/kr/ko/p/5454441
발베니 13년 리필 포트캐스크 700ml,발베니,64.0,36.0,64.0,100.0,36.0,345,1,10.0,0,N,1220:싱글몰트 위스키,5834859,112231000050,https://www.shilladfs.com/estore/kr/ko/p/5834859
카미키 오리지널 500ml,카미키,46.72,42.0,64.0,80.0,20.0,34,0,0.0,6,Y,1211:블렌디드 위스키,5157330,254631000003,https://www.shilladfs.com/estore/kr/ko/p/5157330
글렌데브론 20년 1000ml,글렌데브론,63.5,50.0,63.5,127.0,50.0,111,0,0.0,6,Y,1211:블렌디드 위스키,5070793,113531000009,https://www.shilladfs.com/estore/kr/ko/p/5070793
앱솔루트 파이브 미니 50ml X 5,앱솔루트,12.54,43.0,20.9,22.0,5.0,58,0,0.0,6,Y,1226:스피릿,5662087,110731000023,https://www.shilladfs.com/estore/kr/ko/p/5662087
본테라 버틀러 2020 750ml ,와인나라,62.7,45.0,62.7,114.0,45.0,12,0,0.0,6,Y,1221:와인/샴페인,5152086,115431000109,https://www.shilladfs.com/estore/kr/ko/p/5152086
발베니 Stories Creation Classic 700ml,발베니,62.62,38.0,62.62,101.0,38.0,1416,3,10.0,6,Y,1220:싱글몰트 위스키,5108415,112231000023,https://www.shilladfs.com/estore/kr/ko/p/5108415
세인트레미 SIGNATURE 700ml,세인트레미,20.8,48.0,20.8,40.0,48.0,19,0,0.0,6,Y,1227:기타 주류,5248397,085131000067,https://www.shilladfs.com/estore/kr/ko/p/5248397
펠러 까베르네 프랑 아이스 와인 375ml,펠러,62.04,53.0,62.04,132.0,53.0,42,0,0.0,6,Y,1221:와인/샴페인,5071015,117631000002,https://www.shilladfs.com/estore/kr/ko/p/5071015
덕혼 패러덕스 2021 750ml,덕혼,41.989999999999995,35.0,61.75,65.0,5.0,81,0,0.0,6,Y,1221:와인/샴페인,5442466,268331000033,https://www.shilladfs.com/estore/kr/ko/p/5442466
브룩라디 THE LADDIE 8 700ml,브룩라디,,,30.82,67.0,54.0,112,0,0.0,6,Y,1220:싱글몰트 위스키,5100236,085131000028,https://www.shilladfs.com/estore/kr/ko/p/5100236
골드바 위스키 1000ml,골드바 위스키,29.9,54.0,29.9,65.0,54.0,42,0,0.0,6,Y,1211:블렌디드 위스키,5304449,249031000042,https://www.shilladfs.com/estore/kr/ko/p/5304449
글렌모레이 슈냉 블랑 700ml,글렌모레이,59.77,57.0,59.77,139.0,57.0,15,0,0.0,6,Y,1220:싱글몰트 위스키,5707056,249031000013,https://www.shilladfs.com/estore/kr/ko/p/5707056
닷사이 쇼츄 720ml,닷사이,,,59.0,59.0,0.0,91,0,0.0,6,Y,1227:기타 주류,5658065,282631000005,https://www.shilladfs.com/estore/kr/ko/p/5658065
샤또 꾸떼 2004 750ml,샤토 꾸떼,49.476,20.0,58.9,62.0,5.0,8,0,0.0,6,Y,1221:와인/샴페인,5891170,287231000020,https://www.shilladfs.com/estore/kr/ko/p/5891170
쿠니마레 홋카이도 준마이 다이긴조 720ml,조야,38.873999999999995,37.0,58.9,62.0,5.0,57,0,0.0,6,Y,1227:기타 주류,5705400,112431000011,https://www.shilladfs.com/estore/kr/ko/p/5705400
헤네시 VSOP 350ML,헤네시,,,29.25,39.0,25.0,61,0,0.0,6,Y,1213:꼬냑,5070295,086931000031,https://www.shilladfs.com/estore/kr/ko/p/5070295
글렌모렌지 12년 어코드 1000ml,글렌모렌지,54.8625,29.0,57.75,77.0,25.0,37,0,0.0,1,Y,1220:싱글몰트 위스키,5868420,108631000067,https://www.shilladfs.com/estore/kr/ko/p/5868420
깔루아 KAHLUA 1000ml,깔루아,14.31,47.0,14.31,27.0,47.0,66,1,10.0,6,Y,1226:스피릿,5070882,130731000001,https://www.shilladfs.com/estore/kr/ko/p/5070882
1865 보이저 40년산 바인 750ml,1865 와인,28.62,47.0,28.62,54.0,47.0,51,0,0.0,6,Y,1221:와인/샴페인,5594904,281231000002,https://www.shilladfs.com/estore/kr/ko/p/5594904
발베니 12년 몬틸라 700ml,발베니,57.2,35.0,57.2,88.0,35.0,392,1,10.0,0,N,1220:싱글몰트 위스키,5798333,112231000048,https://www.shilladfs.com/estore/kr/ko/p/5798333
우드포드 리저브 홀리데이 에디션 1L,우드포드 리저브,31.92,47.0,57.0,60.0,5.0,97,1,10.0,6,Y,1211:블렌디드 위스키,5429234,114931000056,https://www.shilladfs.com/estore/kr/ko/p/5429234
우드포드 리저브 Kentucky Derby 적마 에디션 1000ml,우드포드 리저브,31.92,47.0,57.0,60.0,5.0,168,0,0.0,5,Y,1211:블렌디드 위스키,5070956,114931000012,https://www.shilladfs.com/estore/kr/ko/p/5070956
딘스톤 10년 700ml,딘스톤,28.35,55.0,28.35,63.0,55.0,41,0,0.0,6,Y,1220:싱글몰트 위스키,5228672,264431000002,https://www.shilladfs.com/estore/kr/ko/p/5228672
글렌스코시아 Campbeltown 1832 1000ml,글렌 스코시아,31.752000000000006,50.0,56.7,63.0,10.0,219,1,8.0,0,N,1220:싱글몰트 위스키,5267812,265131000001,https://www.shilladfs.com/estore/kr/ko/p/5267812
까뮤 SPECIAL DRY Borderies 500ml,까뮤,56.64,52.0,56.64,118.0,52.0,135,3,9.33333333,6,Y,1213:꼬냑,5406625,070031000045,https://www.shilladfs.com/estore/kr/ko/p/5406625
페랑 리저브 코냑 700ml,와인나라,55.59,49.0,55.59,109.0,49.0,11,0,0.0,6,Y,1213:꼬냑,5591617,274231000017,https://www.shilladfs.com/estore/kr/ko/p/5591617
로크로몬드 Original 1000ml,로크 로몬드,18.5,50.0,18.5,37.0,50.0,97,1,10.0,6,Y,1220:싱글몰트 위스키,5267809,268831000001,https://www.shilladfs.com/estore/kr/ko/p/5267809
골든블랑 CHAMPAGNEROSE 750ml,골든블랑,55.12,47.0,55.12,104.0,47.0,56,0,0.0,6,Y,1221:와인/샴페인,5200621,254731000002,https://www.shilladfs.com/estore/kr/ko/p/5200621
시바스리갈 13년 Rum Cask 1000ml,시바스리갈,40.6087,30.0,55.1,58.0,5.0,64,1,10.0,6,Y,1211:블렌디드 위스키,5075762,110331000028,https://www.shilladfs.com/estore/kr/ko/p/5075762
골든프린스 53% 500ml,마오타이,27.5,45.0,27.5,50.0,45.0,16,0,0.0,0,N,1216:중국술,5993193,293931000013,https://www.shilladfs.com/estore/kr/ko/p/5993193
호세쿠엘보 1800 레포사도 1000ml,호세쿠엘보,26.73,55.0,27.0,60.0,55.0,89,0,0.0,6,Y,1226:스피릿,5200756,130531000014,https://www.shilladfs.com/estore/kr/ko/p/5200756
아드벡 10년 1000ml,아드벡,51.3,29.0,54.0,72.0,25.0,110,0,0.0,0,N,1220:싱글몰트 위스키,5070389,108631000004,https://www.shilladfs.com/estore/kr/ko/p/5070389
부쉬밀 버번 캐스크 15년 700ml,부쉬밀,58.13999999999999,35.0,85.5,90.0,5.0,203,2,10.0,6,Y,1220:싱글몰트 위스키,5200759,130531000020,https://www.shilladfs.com/estore/kr/ko/p/5200759
그레이구스 Essence Watermelon&Basil 1000ml,그레이 구스,26.55,55.0,26.55,59.0,55.0,66,0,0.0,6,Y,1226:스피릿,5274737,113231000027,https://www.shilladfs.com/estore/kr/ko/p/5274737
로크로몬드 12년 Perfectly Balanced 1000ml ,로크 로몬드,31.86,46.0,53.1,59.0,10.0,172,2,10.0,0,N,1220:싱글몰트 위스키,5267807,268831000003,https://www.shilladfs.com/estore/kr/ko/p/5267807
타카초 준마이 다이긴조 720ml,조야,17.68,48.0,17.68,34.0,48.0,47,1,10.0,6,Y,1227:기타 주류,5706060,112431000012,https://www.shilladfs.com/estore/kr/ko/p/5706060
탱커레이 넘버 텐 진 1000ml,탱커레이,26.4,52.0,26.4,55.0,52.0,60,0,0.0,6,Y,1226:스피릿,5070664,111631000001,https://www.shilladfs.com/estore/kr/ko/p/5070664
TAMDHU Cuatro Reserva 700ml,탐두,52.38,46.0,52.38,97.0,46.0,38,0,0.0,6,Y,1220:싱글몰트 위스키,5865402,294531000005,https://www.shilladfs.com/estore/kr/ko/p/5865402
카사미고스 아네호 1000ml,돈훌리오,52.17,53.0,52.17,111.0,53.0,32,0,0.0,6,Y,1226:스피릿,5645206,254931000005,https://www.shilladfs.com/estore/kr/ko/p/5645206
오미로제 결 750ml,케이전통주,56.0,50.0,56.0,112.0,50.0,14,0,0.0,3,Y,1224:한국술,5717424,955331000017,https://www.shilladfs.com/estore/kr/ko/p/5717424
탈리스커 써지 700ml,탈리스커,51.66,58.0,51.66,123.0,58.0,184,1,10.0,6,Y,1220:싱글몰트 위스키,5185537,111131000021,https://www.shilladfs.com/estore/kr/ko/p/5185537
사득주 타패곡주 52% 480ml,사득주,25.65,43.0,25.65,45.0,43.0,30,0,0.0,6,Y,1216:중국술,5697037,067631000057,https://www.shilladfs.com/estore/kr/ko/p/5697037
트림바크 리슬링 2023 750ml,와인나라,21.546,20.0,25.65,27.0,5.0,38,0,0.0,6,Y,1221:와인/샴페인,5593514,115431000140,https://www.shilladfs.com/estore/kr/ko/p/5593514
탐나불린 SB 1000ml,탐나불린,26.208,53.0,50.4,56.0,10.0,106,3,9.33333333,6,Y,1220:싱글몰트 위스키,5462651,114431000096,https://www.shilladfs.com/estore/kr/ko/p/5462651
몽키 47 500ml,몽키 47,32.7275,38.0,50.35,53.0,5.0,28,0,0.0,2,Y,1226:스피릿,5769827,289831000006,https://www.shilladfs.com/estore/kr/ko/p/5769827
탐나불린 1000ml,탐나불린,25.418400000000002,55.0,49.84,56.0,11.0,127,0,0.0,6,Y,1220:싱글몰트 위스키,5166845,114431000042,https://www.shilladfs.com/estore/kr/ko/p/5166845
더 글렌그란트 10년 1000ml,더 글렌그란트,29.759999999999998,52.0,49.6,62.0,20.0,218,1,10.0,6,Y,1220:싱글몰트 위스키,5173311,257131000003,https://www.shilladfs.com/estore/kr/ko/p/5173311
ABERLOUR SUTHAINN 700ml,발렌타인,49.5,45.0,49.5,90.0,45.0,39,0,0.0,6,Y,1220:싱글몰트 위스키,5663570,046131000059,https://www.shilladfs.com/estore/kr/ko/p/5663570
스카라버스 배치 스트랭스 700ml,스카라버스,24.7,62.0,24.7,65.0,62.0,46,0,0.0,6,Y,1220:싱글몰트 위스키,5304437,249031000033,https://www.shilladfs.com/estore/kr/ko/p/5304437
NEW 올트모어 12년 (올로로소 쉐리) 500ml,올트모어,27.17,48.0,49.4,52.0,5.0,190,1,10.0,6,Y,1220:싱글몰트 위스키,5560832,113531000084,https://www.shilladfs.com/estore/kr/ko/p/5560832
듀어스 12년 1000ml,듀어스,27.664,47.0,49.4,52.0,5.0,192,0,0.0,6,Y,1211:블렌디드 위스키,5070785,113531000001,https://www.shilladfs.com/estore/kr/ko/p/5070785
몽키숄더 미니 200ml,발베니,9.75,35.0,9.75,15.0,35.0,25,1,10.0,0,N,1226:스피릿,5957377,112231000044,https://www.shilladfs.com/estore/kr/ko/p/5957377
잭다니엘 골드 700ml,잭다니엘,48.51,51.0,48.51,99.0,51.0,101,0,0.0,6,Y,1211:블렌디드 위스키,3331541,114931000007,https://www.shilladfs.com/estore/kr/ko/p/3331541
산토리 토키 1000ml,산토리,25.194000000000003,51.0,48.45,51.0,5.0,142,0,0.0,0,N,1211:블렌디드 위스키,5549144,114131000044,https://www.shilladfs.com/estore/kr/ko/p/5549144
토카이 아수 5 푸토뇨스 2017 500ml,비네센코리아,47.53,51.0,47.53,97.0,51.0,85,0,0.0,6,Y,1221:와인/샴페인,5552055,272731000036,https://www.shilladfs.com/estore/kr/ko/p/5552055
고든앤맥패일 디스커버리 오크로이스크 10년 700ml,고든 앤 맥패일,45.65,45.0,45.65,83.0,45.0,30,0,0.0,1,Y,1220:싱글몰트 위스키,5677221,115431000176,https://www.shilladfs.com/estore/kr/ko/p/5677221
스카라버스 아일레이 싱글몰트 700ml,스카라버스,22.8,62.0,22.8,60.0,62.0,22,0,0.0,6,Y,1220:싱글몰트 위스키,5304444,249031000032,https://www.shilladfs.com/estore/kr/ko/p/5304444
잭다니엘 본디드 라이 1000ml,잭다니엘,25.080000000000002,48.0,45.6,48.0,5.0,27,0,0.0,6,Y,1211:블렌디드 위스키,5712651,114931000067,https://www.shilladfs.com/estore/kr/ko/p/5712651
시바스리갈 12년 1000ml,시바스리갈,33.6072,30.0,45.6,48.0,5.0,133,0,0.0,6,Y,1211:블렌디드 위스키,5070399,110331000004,https://www.shilladfs.com/estore/kr/ko/p/5070399
폴 존 피엑스 쉐리 700ml,폴 존,45.15,57.0,45.15,105.0,57.0,167,0,0.0,0,N,1220:싱글몰트 위스키,5312121,249031000025,https://www.shilladfs.com/estore/kr/ko/p/5312121
바즈타운 버번 바틀드 인 본드 750ml,바즈타운 버번 컴퍼니,45.0,25.0,45.0,60.0,25.0,15,0,0.0,6,Y,1227:기타 주류,5975724,249031000060,https://www.shilladfs.com/estore/kr/ko/p/5975724
마셀 드 샹제 오뜨 꼬뜨 드 본 2021 750ml,마셀 드 샹제,30.361999999999995,35.0,44.65,47.0,5.0,21,0,0.0,6,Y,1221:와인/샴페인,5434843,268331000029,https://www.shilladfs.com/estore/kr/ko/p/5434843
히노토리 골드오락(그랜다이저) 피트 위스키 700ml,히노토리,44.1,58.0,44.1,105.0,58.0,62,0,0.0,6,Y,1211:블렌디드 위스키,5392882,273831000001,https://www.shilladfs.com/estore/kr/ko/p/5392882
보테가 골드 크뤼 750ml,보테가,27.531000000000002,40.0,43.7,46.0,5.0,41,0,0.0,6,Y,1221:와인/샴페인,5672920,112331000033,https://www.shilladfs.com/estore/kr/ko/p/5672920
사화 유자 500ml,한국전통술,13.392000000000001,50.0,21.6,27.0,20.0,6,0,0.0,6,Y,1224:한국술,5937062,669331000151,https://www.shilladfs.com/estore/kr/ko/p/5937062
테일러스 마스터스트로크 쉬라즈 750ml,테일러스,21.6,55.0,21.6,48.0,55.0,13,0,0.0,6,Y,1221:와인/샴페인,5248876,258931000003,https://www.shilladfs.com/estore/kr/ko/p/5248876
짐빔 베이커스 BBN 750ml,짐빔,43.2,52.0,43.2,90.0,52.0,98,0,0.0,6,Y,1211:블렌디드 위스키,5221867,109831000029,https://www.shilladfs.com/estore/kr/ko/p/5221867
사가모어 Cask Strength Whiskey 750ml,사가모어,42.75,55.0,42.75,95.0,55.0,125,2,10.0,6,Y,1211:블렌디드 위스키,5285449,270431000003,https://www.shilladfs.com/estore/kr/ko/p/5285449
조지레무스 Straight Bourbon 750ml,조지레무스,42.68,56.0,42.68,97.0,56.0,19,0,0.0,6,Y,1227:기타 주류,5311941,273031000001,https://www.shilladfs.com/estore/kr/ko/p/5311941
라프로익 12년 700ml,라프로익,42.0,40.0,42.0,70.0,40.0,65,0,0.0,0,N,1220:싱글몰트 위스키,5917035,114131000053,https://www.shilladfs.com/estore/kr/ko/p/5917035
모엣 & 샹동 리저브 임페리얼 750ml,모엣 샹동,,,42.0,56.0,25.0,244,2,9.0,0,N,1221:와인/샴페인,5786505,108931000116,https://www.shilladfs.com/estore/kr/ko/p/5786505
더 페데럴리스트 어니스트 레드 블렌드 2021 750ml,와인나라,16.511,25.0,20.9,22.0,5.0,18,0,0.0,6,Y,1221:Wine & Champagne,5593821,115431000147,https://www.shilladfs.com/estore/kr/ko/p/5593821
테일러스 포트 와인 시티 에디션 750ml,테일러스 포트 와인,25.915999999999997,41.0,41.8,44.0,5.0,169,1,10.0,6,Y,1221:와인/샴페인,5477395,280631000001,https://www.shilladfs.com/estore/kr/ko/p/5477395
바즈타운 켄터키 스트레이트 버번 750ml,바즈타운 버번 컴퍼니,41.25,25.0,41.25,55.0,25.0,8,0,0.0,6,Y,1227:기타 주류,5975820,249031000061,https://www.shilladfs.com/estore/kr/ko/p/5975820
글렌모레이 커티 샥 프라히비션 1000ml,글렌모레이,20.5,59.0,20.5,50.0,59.0,77,0,0.0,6,Y,1211:블렌디드 위스키,5312123,249031000027,https://www.shilladfs.com/estore/kr/ko/p/5312123
아마하간 World Malt Editon No.1 700ml,아마하간,40.92,56.0,40.92,93.0,56.0,32,1,10.0,6,Y,1211:블렌디드 위스키,5232837,263231000005,https://www.shilladfs.com/estore/kr/ko/p/5232837
퍼컬렌 15년 700ml,퍼컬렌,40.85,57.0,40.85,95.0,57.0,27,0,0.0,6,Y,1220:싱글몰트 위스키,5304447,249031000038,https://www.shilladfs.com/estore/kr/ko/p/5304447
기원 해 700ml,기원 위스키,39.6,40.0,39.6,66.0,40.0,102,0,0.0,0,N,1220:싱글몰트 위스키,5757507,922031000006,https://www.shilladfs.com/estore/kr/ko/p/5757507
안성배막걸리 500ml,한국전통술,16.0,36.0,20.0,25.0,20.0,12,0,0.0,6,Y,1224:한국술,5875451,669331000146,https://www.shilladfs.com/estore/kr/ko/p/5875451
"브렌델, 리저브 카베르네 소비뇽 2019 750ml",브렌델,29.526,30.0,39.9,42.0,5.0,10,0,0.0,6,Y,1221:와인/샴페인,5705513,288831000005,https://www.shilladfs.com/estore/kr/ko/p/5705513
글렌글라사 포트소이 700ml,GLENGLASSAUGH,39.27,49.0,39.27,77.0,49.0,58,0,0.0,6,Y,1220:싱글몰트 위스키,5534639,114931000063,https://www.shilladfs.com/estore/kr/ko/p/5534639
캔달 잭슨 그랑 리저브 샤르도네 2022 750ml,와인나라,19.5,35.0,19.5,30.0,35.0,65,0,0.0,0,N,1221:와인/샴페인,5593505,115431000135,https://www.shilladfs.com/estore/kr/ko/p/5593505
밀크앤허니 엘리먼츠 피티드 캐스크 700ml,밀크앤허니,38.85,63.0,38.85,105.0,63.0,23,0,0.0,3,Y,1220:싱글몰트 위스키,5248992,266731000003,https://www.shilladfs.com/estore/kr/ko/p/5248992
핸드릭스 선스펠 진 1000ml,발베니,38.35,35.0,38.35,59.0,35.0,26,0,0.0,6,Y,1226:스피릿,5838403,112231000046,https://www.shilladfs.com/estore/kr/ko/p/5838403
연태구냥 블루 500ml,연태구냥,22.8,43.0,38.0,40.0,5.0,89,0,0.0,6,Y,1216:중국술,5430955,251331000002,https://www.shilladfs.com/estore/kr/ko/p/5430955
오타드 BARON Otard VSOP 1000ml,오타드,37.84,56.0,37.84,86.0,56.0,67,0,0.0,6,Y,1213:꼬냑,5070748,113331000001,https://www.shilladfs.com/estore/kr/ko/p/5070748
조야 골드에디션 500ml,조야,37.74,49.0,37.74,74.0,49.0,33,0,0.0,6,Y,1221:와인/샴페인,5070771,112431000002,https://www.shilladfs.com/estore/kr/ko/p/5070771
마르케제 안티노리 키안티 클라시코 리제르바 2022 750ml,와인나라,37.7,35.0,37.7,58.0,35.0,132,0,0.0,0,N,1221:와인/샴페인,5593517,115431000143,https://www.shilladfs.com/estore/kr/ko/p/5593517
짐빔 블랙 7년 1000ml,짐빔,18.72,52.0,18.72,39.0,52.0,5,0,0.0,6,Y,1211:블렌디드 위스키,5833135,109831000038,https://www.shilladfs.com/estore/kr/ko/p/5833135
수퍼 니카 700ml,니카,37.4,45.0,37.4,68.0,45.0,30,0,0.0,6,Y,1211:블렌디드 위스키,5157341,254631000025,https://www.shilladfs.com/estore/kr/ko/p/5157341
페닐로페 포그레인 750ml,페닐로페,18.62,62.0,18.62,49.0,62.0,29,0,0.0,6,Y,1227:기타 주류,5713294,287531000004,https://www.shilladfs.com/estore/kr/ko/p/5713294
호세쿠엘보 1800 크리스탈리노 아네호 700ml,호세쿠엘보,43.282,35.0,63.65,67.0,5.0,114,0,0.0,6,Y,1226:스피릿,5200755,130531000012,https://www.shilladfs.com/estore/kr/ko/p/5200755
메이커스마크 할리데이 에디션 1000ml,메이커스마크,36.4,35.0,36.4,56.0,35.0,21,0,0.0,3,Y,1211:블렌디드 위스키,5809826,109831000037,https://www.shilladfs.com/estore/kr/ko/p/5809826
보 주아 브뤼 샴페인 750ml,보 주아,36.0,55.0,36.0,80.0,55.0,139,1,10.0,0,N,1221:와인/샴페인,5503771,280531000002,https://www.shilladfs.com/estore/kr/ko/p/5503771
"웰러SR, 버팔로트레이스 듀오팩 (375ml X 2)",버팔로 트레이스,35.52,52.0,35.52,74.0,52.0,70,0,0.0,6,Y,1211:블렌디드 위스키,5762840,258231000025,https://www.shilladfs.com/estore/kr/ko/p/5762840
레드브레스트 12년 700ml,제임슨,35.2,45.0,35.2,64.0,45.0,43,0,0.0,6,Y,1211:블렌디드 위스키,5769830,110531000009,https://www.shilladfs.com/estore/kr/ko/p/5769830
더 아일라 보이즈 베어렉스 배틀 엑스 아일라 700ml,더 아일라 보이즈,34.32,56.0,34.32,78.0,56.0,21,0,0.0,6,Y,1220:싱글몰트 위스키,5232740,263431000001,https://www.shilladfs.com/estore/kr/ko/p/5232740
화요미니어쳐세트 50ml*3,케이전통주,6.84,43.0,11.4,12.0,5.0,113,0,0.0,6,Y,1224:한국술,5748081,955331000005,https://www.shilladfs.com/estore/kr/ko/p/5748081
키노비 교토 드라이 진 750ml,몽키 47,32.596199999999996,48.0,32.76,63.0,48.0,7,0,0.0,6,Y,1226:스피릿,5769825,289831000003,https://www.shilladfs.com/estore/kr/ko/p/5769825
벤리악 Quarter Cask Peated 1000ml,벤리악,33.6,52.0,33.6,70.0,52.0,74,0,0.0,6,Y,1220:싱글몰트 위스키,5303575,114931000041,https://www.shilladfs.com/estore/kr/ko/p/5303575
원매프리미엄 750ml,한국전통술,16.65,55.0,16.65,37.0,55.0,11,0,0.0,6,Y,1224:한국술,5866121,669331000119,https://www.shilladfs.com/estore/kr/ko/p/5866121
금산인삼주 23도 375ml,케이전통주,9.36,48.0,9.36,18.0,48.0,19,0,0.0,6,Y,1224:한국술,5717425,955331000021,https://www.shilladfs.com/estore/kr/ko/p/5717425
봄베이 사파이어 브램블 1000ml,봄베이 사파이어,17.5695,55.0,33.15,39.0,15.0,24,0,0.0,6,Y,1226:스피릿,5488996,113131000013,https://www.shilladfs.com/estore/kr/ko/p/5488996
아녹 12년 700ml,아녹,32.66,54.0,32.66,71.0,54.0,141,1,10.0,6,Y,1220:싱글몰트 위스키,5248782,266431000001,https://www.shilladfs.com/estore/kr/ko/p/5248782
맥탈라 올드퍼스 케스크 스트랭스 700ml,맥탈라,32.64,52.0,32.64,68.0,52.0,57,0,0.0,6,Y,1220:싱글몰트 위스키,5311921,249031000020,https://www.shilladfs.com/estore/kr/ko/p/5311921
고려홍 2호 450ml*2,한국전통술,35.0,50.0,35.0,70.0,50.0,8,0,0.0,6,Y,1224:한국술,3774130,669331000078,https://www.shilladfs.com/estore/kr/ko/p/3774130
컴파스 박스 Peat Monster 700ml,컴파스 박스,32.016600000000004,58.0,32.34,77.0,58.0,41,0,0.0,6,Y,1211:블렌디드 위스키,5229030,263731000002,https://www.shilladfs.com/estore/kr/ko/p/5229030
안동소주 부네탈 400ml,케이전통주,19.38,43.0,32.3,34.0,5.0,16,0,0.0,2,Y,1224:한국술,5717212,955331000009,https://www.shilladfs.com/estore/kr/ko/p/5717212
보테가 베네디카 750ml,보테가,20.348999999999997,40.0,32.3,34.0,5.0,70,0,0.0,6,Y,1221:와인/샴페인,5104891,112331000014,https://www.shilladfs.com/estore/kr/ko/p/5104891
켄터키아울 더 와이즈맨 스트라이트 버번 위스키 700ml,켄터키아울,31.79025,55.0,31.95,71.0,55.0,9,0,0.0,6,Y,1211:블렌디드 위스키,5249134,258131000006,https://www.shilladfs.com/estore/kr/ko/p/5249134
Xijiu Jiao Cang 1988 100ml,시주,10.64,44.0,10.64,19.0,44.0,27,1,10.0,6,Y,1216:중국술,5770694,284531000005,https://www.shilladfs.com/estore/kr/ko/p/5770694
"보르도, 루싹 생테밀리옹 샤또 블랑숑 750ml",비네센코리아,15.68,51.0,15.68,32.0,51.0,75,0,0.0,6,Y,1221:와인/샴페인,5322068,272731000001,https://www.shilladfs.com/estore/kr/ko/p/5322068
연태구냥 레드 500ml,연태구냥,18.81,43.0,31.35,33.0,5.0,62,0,0.0,6,Y,1216:중국술,5430958,251331000003,https://www.shilladfs.com/estore/kr/ko/p/5430958
싱글톤 가든스 오브 어번던스 - 래디언트 스프링 가든 1000ml,싱글톤,31.28,54.0,31.28,68.0,54.0,98,0,0.0,6,Y,1220:싱글몰트 위스키,5478854,111231000044,https://www.shilladfs.com/estore/kr/ko/p/5478854
예거마이스터 3샷팩 1000ml,예거마이스터,23.868000000000002,30.0,30.6,34.0,10.0,3,0,0.0,6,Y,1226:스피릿,5836829,287531000006,https://www.shilladfs.com/estore/kr/ko/p/5836829
페랑 암브레 코냑 700ml,와인나라,30.5,50.0,30.5,61.0,50.0,9,0,0.0,1,Y,1213:꼬냑,5591608,274231000016,https://www.shilladfs.com/estore/kr/ko/p/5591608
골든블랑 CREMANT BRUT 750ml,골든블랑,30.25,45.0,30.25,55.0,45.0,113,0,0.0,6,Y,1221:와인/샴페인,5174763,254731000003,https://www.shilladfs.com/estore/kr/ko/p/5174763
프라팡 1270 700ml,프라팡,30.24,52.0,30.24,63.0,52.0,13,0,0.0,6,Y,1213:꼬냑,5515182,268331000040,https://www.shilladfs.com/estore/kr/ko/p/5515182
핸드릭스 미니 200ml,발베니,9.86,42.0,9.86,17.0,42.0,25,0,0.0,6,Y,1226:스피릿,5957378,112231000045,https://www.shilladfs.com/estore/kr/ko/p/5957378
샤보 Napoleon 700ml,샤보,29.52,59.0,29.52,72.0,59.0,82,0,0.0,6,Y,1213:Cognac,5070523,109131000004,https://www.shilladfs.com/estore/kr/ko/p/5070523
주라 더 사운드 1000ml,주라,29.25,55.0,29.25,65.0,55.0,27,0,0.0,6,Y,1220:싱글몰트 위스키,5166841,114431000038,https://www.shilladfs.com/estore/kr/ko/p/5166841
맥탈라 테라 700ml,맥탈라,29.2,60.0,29.2,73.0,60.0,27,0,0.0,6,Y,1220:싱글몰트 위스키,5311920,249031000016,https://www.shilladfs.com/estore/kr/ko/p/5311920
금문 LIQU 금문고량주 58% 600ml,금문고량주,19.296,40.0,28.8,32.0,10.0,34,0,0.0,6,Y,1216:중국술,5819128,290831000003,https://www.shilladfs.com/estore/kr/ko/p/5819128
짐빔 리젠트 버번 700ml,짐빔,28.7,59.0,28.7,70.0,59.0,37,0,0.0,6,Y,1211:블렌디드 위스키,5264871,109831000031,https://www.shilladfs.com/estore/kr/ko/p/5264871
타카초 준마이 긴조 720ml,조야,18.81,37.0,28.5,30.0,5.0,27,0,0.0,6,Y,1227:기타 주류,5705399,112431000010,https://www.shilladfs.com/estore/kr/ko/p/5705399
몬테스 알파 블랙 라벨 샤도네이 2022 750ml,몬테스,19.38,35.0,28.5,30.0,5.0,27,0,0.0,6,Y,1221:와인/샴페인,5618606,268331000061,https://www.shilladfs.com/estore/kr/ko/p/5618606
CODIGO 1530 BLANCO 1L,올메카,28.0,50.0,28.0,56.0,50.0,5,0,0.0,1,Y,1226:스피릿,5866593,132431000006,https://www.shilladfs.com/estore/kr/ko/p/5866593
러셀 리저브 라이 6년 750ml,와일드터키,27.84,52.0,27.84,58.0,52.0,79,0,0.0,6,Y,1211:블렌디드 위스키,5789382,257231000010,https://www.shilladfs.com/estore/kr/ko/p/5789382
내외소주39 500ml,케이전통주,16.53,43.0,27.55,29.0,5.0,12,0,0.0,1,Y,1224:한국술,5717216,955331000020,https://www.shilladfs.com/estore/kr/ko/p/5717216
보타니스트 ISLAY DRY GIN 1000ml ,보타니스트,27.5,50.0,27.5,55.0,50.0,21,0,0.0,6,Y,1226:스피릿,5100090,085131000039,https://www.shilladfs.com/estore/kr/ko/p/5100090
웰러 스페셜 리저브 375ml,버팔로 트레이스,28.8,40.0,28.8,48.0,40.0,43,0,0.0,6,Y,1211:블렌디드 위스키,5898263,258231000027,https://www.shilladfs.com/estore/kr/ko/p/5898263
골드999.9 진 700ml,골드 999.9,27.3,58.0,27.3,65.0,58.0,15,0,0.0,6,Y,1226:스피릿,5347471,274931000002,https://www.shilladfs.com/estore/kr/ko/p/5347471
앱솔루트 Citron 1000ml,앱솔루트,13.365,51.0,13.5,27.0,50.0,10,0,0.0,6,Y,1226:스피릿,5070732,110731000005,https://www.shilladfs.com/estore/kr/ko/p/5070732
에스폴론 레포사도 750ml,캄파리,25.96,56.0,25.96,59.0,56.0,18,0,0.0,6,Y,1226:스피릿,5528683,256731000007,https://www.shilladfs.com/estore/kr/ko/p/5528683
그레이구스 Essence Strawberry&Lemongrass 1000ml,그레이 구스,25.96,56.0,25.96,59.0,56.0,22,0,0.0,2,Y,1226:스피릿,5274738,113231000028,https://www.shilladfs.com/estore/kr/ko/p/5274738
애플브랜디 선물세트 750ml,댄싱사이더,20.2635,25.0,25.65,27.0,5.0,31,0,0.0,1,Y,1224:한국술,5596453,946631000007,https://www.shilladfs.com/estore/kr/ko/p/5596453
1792 스몰 배치 1000ml,버팔로 트레이스,25.97,47.0,25.97,49.0,47.0,22,0,0.0,6,Y,1226:스피릿,5942683,258231000029,https://www.shilladfs.com/estore/kr/ko/p/5942683
앱솔루트 Elyx 1000ml,앱솔루트,25.2531,53.0,25.38,54.0,53.0,6,0,0.0,6,Y,1226:스피릿,5070734,110731000008,https://www.shilladfs.com/estore/kr/ko/p/5070734
예거마이스터 MANIFEST 1000ml,예거마이스터,25.37,57.0,25.37,59.0,57.0,15,0,0.0,2,Y,1226:스피릿,5336893,249031000031,https://www.shilladfs.com/estore/kr/ko/p/5336893
오켄토션 아메리칸 오크 1000ml,오켄토션,25.37,57.0,25.37,59.0,57.0,25,0,0.0,1,Y,1220:싱글몰트 위스키,5166856,114231000028,https://www.shilladfs.com/estore/kr/ko/p/5166856
된호프 리슬링 트로켄 2024 750ml,에노테카,24.48,32.0,24.48,36.0,32.0,26,0,0.0,6,Y,1221:와인/샴페인,5789359,126931000047,https://www.shilladfs.com/estore/kr/ko/p/5789359
제임슨 트리플 트리플 1000ml,제임슨,23.7303,50.0,23.97,47.0,49.0,16,0,0.0,6,Y,1211:블렌디드 위스키,5661609,110531000005,https://www.shilladfs.com/estore/kr/ko/p/5661609
십스미스 런던 드라이 진 1000ml,십스미스,23.78,59.0,23.78,58.0,59.0,11,0,0.0,6,Y,1226:스피릿,5109733,114231000031,https://www.shilladfs.com/estore/kr/ko/p/5109733
짐빔 바질 하이든 700ml,짐빔,23.78,59.0,23.78,58.0,59.0,80,0,0.0,6,Y,1211:블렌디드 위스키,5169530,109831000019,https://www.shilladfs.com/estore/kr/ko/p/5169530
레미마틴 VSOP 200ml,레미마틴,14.9625,40.0,23.75,25.0,5.0,36,0,0.0,6,Y,1213:꼬냑,5932188,085131000074,https://www.shilladfs.com/estore/kr/ko/p/5932188
맥탈라 올드퍼스 더 오리지널 700ml,맥탈라,23.65,57.0,23.65,55.0,57.0,29,0,0.0,6,Y,1220:싱글몰트 위스키,5311849,249031000019,https://www.shilladfs.com/estore/kr/ko/p/5311849
앱솔루트 Blue 1000ml,앱솔루트,11.52,52.0,11.52,24.0,52.0,34,0,0.0,6,Y,1226:스피릿,5070729,110731000001,https://www.shilladfs.com/estore/kr/ko/p/5070729
진 마레 1000ml,진 마레,23.52,51.0,23.52,48.0,51.0,19,0,0.0,6,Y,1226:스피릿,5334659,114931000054,https://www.shilladfs.com/estore/kr/ko/p/5334659
세인트레미  XO 1000ml,세인트레미,23.0,50.0,23.0,46.0,50.0,49,1,8.0,6,Y,1213:꼬냑,5186722,085131000068,https://www.shilladfs.com/estore/kr/ko/p/5186722
솔송주와당 700ml,한국전통술,22.95,55.0,22.95,51.0,55.0,15,0,0.0,6,Y,1224:한국술,5868785,669331000071,https://www.shilladfs.com/estore/kr/ko/p/5868785
잭다니엘 테네시 허니 200ml,잭다니엘,6.156000000000001,49.0,11.4,12.0,5.0,79,0,0.0,5,Y,1211:블렌디드 위스키,5088306,114931000031,https://www.shilladfs.com/estore/kr/ko/p/5088306
카멜로드 몬테레이 피노누아 2022 750ml,와인나라,18.012,25.0,22.8,24.0,5.0,30,0,0.0,0,N,1221:와인/샴페인,5595163,115431000168,https://www.shilladfs.com/estore/kr/ko/p/5595163
오이스터 베이 소비뇽 블랑 750ml,와인나라,16.644,31.0,22.8,24.0,5.0,265,0,0.0,0,N,1221:와인/샴페인,5071042,115431000035,https://www.shilladfs.com/estore/kr/ko/p/5071042
"살트램, 1859 에덴 밸리 샤르도네 2021 750ml ",에노테카,13.275000000000002,47.0,22.5,25.0,10.0,68,0,0.0,6,Y,1221:와인/샴페인,5179710,126931000030,https://www.shilladfs.com/estore/kr/ko/p/5179710
보테가 끼안띠 리제르바 750ml,보테가,22.44,49.0,22.44,44.0,49.0,34,0,0.0,6,Y,1221:와인/샴페인,5070677,112331000005,https://www.shilladfs.com/estore/kr/ko/p/5070677
사화40오크 500ml,한국전통술,23.5,50.0,23.5,47.0,50.0,3,0,0.0,6,Y,1224:한국술,5937620,669331000155,https://www.shilladfs.com/estore/kr/ko/p/5937620
파이어볼 시나몬 위스키 1000ml,버팔로 트레이스,11.13,47.0,11.13,21.0,47.0,60,2,7.0,6,Y,1211:블렌디드 위스키,5302184,258231000006,https://www.shilladfs.com/estore/kr/ko/p/5302184
이강주특1호(에밀래종) 400ml,한국전통술,22.95,55.0,22.95,51.0,55.0,19,0,0.0,6,Y,1224:한국술,5866134,669331000137,https://www.shilladfs.com/estore/kr/ko/p/5866134
사제락 라이 위스키 750ml,버팔로 트레이스,23.0,50.0,23.0,46.0,50.0,94,0,0.0,6,Y,1211:블렌디드 위스키,5310162,258231000001,https://www.shilladfs.com/estore/kr/ko/p/5310162
후소네 그란 레세르바 2020 750ml,와인나라,15.466,30.0,20.9,22.0,5.0,13,0,0.0,6,Y,1221:와인/샴페인,5593758,115431000163,https://www.shilladfs.com/estore/kr/ko/p/5593758
문배술 헤리티지 포팩 200ml*4,케이전통주,22.0,50.0,22.0,44.0,50.0,6,0,0.0,6,Y,1224:한국술,5717421,955331000013,https://www.shilladfs.com/estore/kr/ko/p/5717421
테라자스 리제르바 샤도네이 750ml,헤네시 와인,,,21.0,28.0,25.0,4,0,0.0,6,Y,1221:와인/샴페인,5070425,108931000022,https://www.shilladfs.com/estore/kr/ko/p/5070425
바카디 8년 1000ml,바카디,19.68,59.0,19.68,48.0,59.0,31,0,0.0,6,Y,1226:스피릿,5070837,113431000003,https://www.shilladfs.com/estore/kr/ko/p/5070837
봄베이 사파이어 선셋 1000ml,봄베이 사파이어,19.11,51.0,19.11,39.0,51.0,10,0,0.0,6,Y,1226:스피릿,5541876,113131000014,https://www.shilladfs.com/estore/kr/ko/p/5541876
예거마이스터 오렌지 1000ml,예거마이스터,18.56,42.0,18.56,32.0,42.0,9,0,0.0,6,Y,1226:스피릿,5916421,287531000013,https://www.shilladfs.com/estore/kr/ko/p/5916421
BUSHMILLS BLACK BUSH 1000ml,호세쿠엘보,18.24,62.0,18.24,48.0,62.0,26,0,0.0,2,Y,1211:블렌디드 위스키,5070799,130531000006,https://www.shilladfs.com/estore/kr/ko/p/5070799
내외소주21 500ml,케이전통주,10.83,43.0,18.05,19.0,5.0,6,0,0.0,6,Y,1224:한국술,5839583,955331000025,https://www.shilladfs.com/estore/kr/ko/p/5839583
잭다니엘 블랙 라벨 200ml,잭다니엘,6.2700000000000005,48.0,11.4,12.0,5.0,30,0,0.0,6,Y,1211:블렌디드 위스키,5657680,114931000065,https://www.shilladfs.com/estore/kr/ko/p/5657680
페이머스 그라우스 쉐리 1000ml,발베니,17.64,37.0,17.64,28.0,37.0,10,0,0.0,0,N,1211:블렌디드 위스키,5957379,112231000052,https://www.shilladfs.com/estore/kr/ko/p/5957379
"클레레뜨 드 디, 도멘 몽즈-그라농 드미떼 750ml",비네센코리아,17.64,51.0,17.64,36.0,51.0,66,1,10.0,6,Y,1221:와인/샴페인,5322072,272731000007,https://www.shilladfs.com/estore/kr/ko/p/5322072
짐빔 블랙 체커팩 1000ml,짐빔,17.55,55.0,17.55,39.0,55.0,7,0,0.0,6,Y,1211:블렌디드 위스키,5394250,109831000032,https://www.shilladfs.com/estore/kr/ko/p/5394250
길벗살균탁주 375ml*2,한국전통술,8.55,55.0,8.55,19.0,55.0,22,0,0.0,6,Y,1224:한국술,5866128,669331000128,https://www.shilladfs.com/estore/kr/ko/p/5866128
그레이구스 오리지널 200ml,그레이 구스,9.576000000000002,50.0,17.1,19.0,10.0,21,0,0.0,6,Y,1226:스피릿,5070773,113231000013,https://www.shilladfs.com/estore/kr/ko/p/5070773
양허 해지람 52% 480ml,양허,16.53,43.0,16.53,29.0,43.0,163,1,6.0,6,Y,1216:중국술,5506827,067631000051,https://www.shilladfs.com/estore/kr/ko/p/5506827
페이머스 그라우스 1000ml,발베니,16.0,36.0,16.0,25.0,36.0,9,0,0.0,5,Y,1211:블렌디드 위스키,5957381,112231000051,https://www.shilladfs.com/estore/kr/ko/p/5957381
브룩라디 Sherry Cask 200ml,브룩라디,,,14.4,24.0,40.0,49,0,0.0,0,N,1213:꼬냑,5846354,085131000105,https://www.shilladfs.com/estore/kr/ko/p/5846354
MALIBU 1000ml,깔루아,13.77,49.0,13.77,27.0,49.0,45,0,0.0,6,Y,1226:스피릿,5070883,130731000002,https://www.shilladfs.com/estore/kr/ko/p/5070883
요새로제 750ml,댄싱사이더,6.84,43.0,6.84,12.0,43.0,12,0,0.0,6,Y,1224:한국술,5596454,946631000001,https://www.shilladfs.com/estore/kr/ko/p/5596454
가무치43 375ml,케이전통주,14.5,50.0,14.5,29.0,50.0,21,1,8.0,6,Y,1224:한국술,5717215,955331000019,https://www.shilladfs.com/estore/kr/ko/p/5717215
부쉬밀 오리지널 아이리쉬 위스키 1000ml,부쉬밀,13.5,55.0,13.5,30.0,55.0,49,0,0.0,6,Y,1211:블렌디드 위스키,5200751,130531000017,https://www.shilladfs.com/estore/kr/ko/p/5200751
선양 오크 소주 200ml*5,케이전통주,8.549999999999999,43.0,14.25,15.0,5.0,3,0,0.0,6,Y,1224:한국술,5977040,955331000029,https://www.shilladfs.com/estore/kr/ko/p/5977040
화사 750ml,댄싱사이더,6.48,46.0,6.48,12.0,46.0,11,0,0.0,1,Y,1224:한국술,5596450,946631000004,https://www.shilladfs.com/estore/kr/ko/p/5596450
산사춘 진 700ml,한국전통술,12.5,50.0,12.5,25.0,50.0,2,0,0.0,6,Y,1224:한국술,5933552,669331000148,https://www.shilladfs.com/estore/kr/ko/p/5933552
서던 컴포트 블랙 1000ml,버팔로 트레이스,11.6424,51.0,11.76,24.0,51.0,15,0,0.0,6,Y,1226:스피릿,5474609,258231000008,https://www.shilladfs.com/estore/kr/ko/p/5474609
조야 엑스트라 이얼즈 700ml,조야,11.52,52.0,11.52,24.0,52.0,31,0,0.0,6,Y,1221:와인/샴페인,5070772,112431000003,https://www.shilladfs.com/estore/kr/ko/p/5070772
애플 상그리아 750ml,댄싱사이더,9.006,25.0,11.4,12.0,5.0,16,0,0.0,0,N,1224:한국술,5596455,946631000003,https://www.shilladfs.com/estore/kr/ko/p/5596455
독도소주 27도 500ml,한국전통술,10.8,55.0,10.8,24.0,55.0,6,0,0.0,6,Y,1224:한국술,5937064,669331000154,https://www.shilladfs.com/estore/kr/ko/p/5937064
마티니 아스티 750ml,바카디,8.8,56.0,8.8,20.0,56.0,62,1,10.0,6,Y,1221:와인/샴페인,5070783,113431000013,https://www.shilladfs.com/estore/kr/ko/p/5070783
니오 Daiguiri 100ml,니오,4.5315,50.0,8.55,9.0,5.0,13,0,0.0,6,Y,1227:기타 주류,5334459,270031000004,https://www.shilladfs.com/estore/kr/ko/p/5334459
니오 Dry Martini 100ml,니오,4.5315,50.0,8.55,9.0,5.0,21,0,0.0,5,Y,1227:기타 주류,5334461,270031000010,https://www.shilladfs.com/estore/kr/ko/p/5334461
보타니스트 ISLAY DRY GIN 200ml,보타니스트,8.4,40.0,8.4,14.0,40.0,14,0,0.0,6,Y,1226:스피릿,5100091,085131000040,https://www.shilladfs.com/estore/kr/ko/p/5100091
 니오Tommys Magarita 100ml,니오,4.05,55.0,4.05,9.0,55.0,14,0,0.0,6,Y,1227:기타 주류,5334466,270031000007,https://www.shilladfs.com/estore/kr/ko/p/5334466
느린마을 미니어쳐 70ml*4,한국전통술,5.760000000000001,36.0,7.2,9.0,20.0,26,0,0.0,6,Y,1224:Korean,5866130,669331000132,https://www.shilladfs.com/estore/kr/ko/p/5866130
[BTS진의 IGIN] 아이긴 애플진 500ml,한국전통술,8.959999999999999,36.0,11.2,14.0,20.0,0,0,0.0,6,Y,1226:스피릿; 1224:한국술,5981109,669331000161,https://www.shilladfs.com/estore/kr/ko/p/5981109
주라 13년 1000ml,주라,40.527,49.0,75.05,79.0,5.0,1,0,0.0,6,Y,1220:싱글몰트 위스키,5928725,114431000120,https://www.shilladfs.com/estore/kr/ko/p/5928725
주라 16년 700ml,주라,46.68300000000001,49.0,86.45,91.0,5.0,1,0,0.0,6,Y,1220:싱글몰트 위스키,5928731,114431000121,https://www.shilladfs.com/estore/kr/ko/p/5928731
주라 화이트 오크 1000ml,주라,26.182000000000002,50.0,49.4,52.0,5.0,0,0,0.0,6,Y,1220:싱글몰트 위스키,5928732,114431000123,https://www.shilladfs.com/estore/kr/ko/p/5928732
패터캐른 46년 700ml,패터캐른,7552.0,41.0,7552.0,12800.0,41.0,0,0,0.0,1,Y,1220:싱글몰트 위스키,5401204,114431000110,https://www.shilladfs.com/estore/kr/ko/p/5401204
패터캐른 200주년 세트 (700ml*6병),패터캐른,71250.0,43.0,71250.0,125000.0,43.0,0,0,0.0,1,Y,1220:싱글몰트 위스키,6013726,114431000111,https://www.shilladfs.com/estore/kr/ko/p/6013726
아르망 드 브리냑 드미 섹 750ml,아르망 드 브리냑,,,261.0,348.0,25.0,2,0,0.0,0,N,1221:와인/샴페인,5988068,108931000113,https://www.shilladfs.com/estore/kr/ko/p/5988068
국교 1573 x Sui Jianguo 52% 500ml,국교1573,117.6,30.0,117.6,168.0,30.0,7,0,0.0,0,N,1216:중국술,5982967,284531000013,https://www.shilladfs.com/estore/kr/ko/p/5982967
국교 1573 x Tan Ping 52% 500ml,국교1573,117.6,30.0,117.6,168.0,30.0,6,0,0.0,0,N,1216:중국술,5982966,284531000012,https://www.shilladfs.com/estore/kr/ko/p/5982966
국교 1573 x Xue Song 52% 500ml,국교1573,117.6,30.0,117.6,168.0,30.0,5,0,0.0,0,N,1216:중국술,5982965,284531000011,https://www.shilladfs.com/estore/kr/ko/p/5982965
토카이 에센시아 2006 375ml,폴레츠키 빈,90.95,15.0,90.95,107.0,15.0,11,0,0.0,6,Y,1221:와인/샴페인,5993334,287531000023,https://www.shilladfs.com/estore/kr/ko/p/5993334
키소주 38도 750ml,한국전통술,36.480000000000004,36.0,45.6,57.0,20.0,0,0,0.0,6,Y,1224:한국술,5980850,669331000156,https://www.shilladfs.com/estore/kr/ko/p/5980850
키소주 22도 750ml,한국전통술,25.6,36.0,32.0,40.0,20.0,0,0,0.0,6,Y,1224:한국술,5980851,669331000162,https://www.shilladfs.com/estore/kr/ko/p/5980851
"잉크 그레이드, 안도솔 레드 블렌드 2019 750ml",잉크 그레이드,77.6,20.0,77.6,97.0,20.0,1,0,0.0,6,Y,1221:와인/샴페인,5970423,288831000009,https://www.shilladfs.com/estore/kr/ko/p/5970423
내외소주26 천마에디션 500ml,케이전통주,18.24,43.0,30.4,32.0,5.0,0,0,0.0,6,Y,1224:한국술,5975576,955331000028,https://www.shilladfs.com/estore/kr/ko/p/5975576
스택스립 캐스크23 카베르네소비뇽 22 750ml,와인나라,372.6,10.0,372.6,414.0,10.0,1,0,0.0,0,N,1221:와인/샴페인,5976422,115431000213,https://www.shilladfs.com/estore/kr/ko/p/5976422
프리마크아비 샤르도네 2023 750ml,와인나라,49.5,10.0,49.5,55.0,10.0,9,0,0.0,5,Y,1221:와인/샴페인,5976421,115431000212,https://www.shilladfs.com/estore/kr/ko/p/5976421
루이라뚜르 샤블리 2024 750ml,와인나라,37.8,10.0,37.8,42.0,10.0,1,0,0.0,0,N,1221:와인/샴페인,5976423,115431000211,https://www.shilladfs.com/estore/kr/ko/p/5976423
바즈타운 켄터키 스트레이트 라이 위스키 750ml,바즈타운 버번 컴퍼니,46.8,22.0,46.8,60.0,22.0,11,0,0.0,6,Y,1227:기타 주류,5975440,249031000063,https://www.shilladfs.com/estore/kr/ko/p/5975440
산토리 하쿠 보드카 2025 1000ml,산토리,26.5,50.0,26.5,53.0,50.0,10,0,0.0,6,Y,1226:스피릿,5977008,114131000051,https://www.shilladfs.com/estore/kr/ko/p/5977008
더 글렌그란트 13년 1000ml,더 글렌그란트,46.4,42.0,46.4,80.0,42.0,8,0,0.0,6,Y,1220:싱글몰트 위스키,5925290,257131000012,https://www.shilladfs.com/estore/kr/ko/p/5925290
더 글렌그란트 오로라 1000ml,더 글렌그란트,34.22,42.0,34.22,59.0,42.0,10,1,10.0,6,Y,1220:싱글몰트 위스키,5925292,257131000014,https://www.shilladfs.com/estore/kr/ko/p/5925292
네이키드 몰트 1000ml,발베니,29.25,35.0,29.25,45.0,35.0,32,0,0.0,0,N,1211:블렌디드 위스키,5957380,112231000053,https://www.shilladfs.com/estore/kr/ko/p/5957380
더 글렌리벳 40년 700ml,글렌리벳,2860.0,48.0,2860.0,5500.0,48.0,11,0,0.0,0,N,1220:싱글몰트 위스키,5954010,110431000035,https://www.shilladfs.com/estore/kr/ko/p/5954010
퍼컬렌 18년 700ml,퍼컬렌,109.9,30.0,109.9,157.0,30.0,58,0,0.0,4,Y,1220:싱글몰트 위스키,5304448,249031000039,https://www.shilladfs.com/estore/kr/ko/p/5304448
커티삭 센테너리 700ml,글렌모레이,1092.0,30.0,1092.0,1560.0,30.0,4,0,0.0,0,N,1211:블렌디드 위스키,5304443,249031000046,https://www.shilladfs.com/estore/kr/ko/p/5304443
예거마이스터 서울 에디션 1000ml,예거마이스터,22.464000000000002,30.0,28.8,32.0,10.0,1,0,0.0,0,N,1226:스피릿,5836340,287531000008,https://www.shilladfs.com/estore/kr/ko/p/5836340
예거마이스터 콜드브루 커피 1000ml,예거마이스터,26.676000000000002,30.0,34.2,38.0,10.0,3,0,0.0,6,Y,1226:스피릿,5836790,287531000009,https://www.shilladfs.com/estore/kr/ko/p/5836790
패트론 실버 200ml,패트론,10.374,45.0,13.3,19.0,30.0,19,0,0.0,0,N,1226:스피릿,5794302,122131000021,https://www.shilladfs.com/estore/kr/ko/p/5794302
와일드터키 켄터키 스피릿 750ml,와일드터키,42.7785,25.0,54.15,57.0,5.0,80,0,0.0,0,N,1226:스피릿,5530607,257231000006,https://www.shilladfs.com/estore/kr/ko/p/5530607
쿠르부아지에 레상스 700ml,쿠르부아지에,2176.74,42.0,2176.74,3753.0,42.0,14,0,0.0,0,N,1213:꼬냑,5070539,109731000005,https://www.shilladfs.com/estore/kr/ko/p/5070539
로얄살루트 55년 타임시리즈 700ml,로얄살루트,35525.0,30.0,35525.0,50750.0,30.0,14,0,0.0,1,Y,1211:블렌디드 위스키,5948828,110231000042,https://www.shilladfs.com/estore/kr/ko/p/5948828
로얄살루트 52년 700ml,로얄살루트,21315.0,30.0,21315.0,30450.0,30.0,6,0,0.0,0,N,1211:블렌디드 위스키,5081235,110231000026,https://www.shilladfs.com/estore/kr/ko/p/5081235
로얄살루트 찰스 3세 대관식 에디션 700ml,로얄살루트,17762.5,30.0,17762.5,25375.0,30.0,13,0,0.0,3,Y,1211:블렌디드 위스키,5948826,110231000030,https://www.shilladfs.com/estore/kr/ko/p/5948826
시바스리갈 13년 Sherry Cask 1000ml,시바스리갈,34.713,40.0,55.1,58.0,5.0,49,0,0.0,0,N,1211:블렌디드 위스키,5075894,110331000029,https://www.shilladfs.com/estore/kr/ko/p/5075894
더 글렌리벳 21년 700ml,글렌리벳,184.186,30.0,248.9,262.0,5.0,46,0,0.0,0,N,1220:싱글몰트 위스키,5948827,110431000029,https://www.shilladfs.com/estore/kr/ko/p/5948827
벤리악 50년 1966 700ml,벤리악,17808.0,44.0,17808.0,31800.0,44.0,6,0,0.0,1,Y,1220:싱글몰트 위스키,5948006,114931000060,https://www.shilladfs.com/estore/kr/ko/p/5948006
루이 13세 레어캐스크 42.1 700ml,루이13,44160.0,20.0,44160.0,55200.0,20.0,9,0,0.0,1,Y,1213:꼬냑,5948005,085131000078,https://www.shilladfs.com/estore/kr/ko/p/5948005
루이 13세 10ml*5 SET,루이13,650.0,35.0,650.0,1000.0,35.0,7,0,0.0,5,Y,1213:꼬냑,5948004,085131000081,https://www.shilladfs.com/estore/kr/ko/p/5948004
레미마틴 300주년 쿠페 700ml,레미마틴,1787.5,35.0,1787.5,2750.0,35.0,9,0,0.0,3,Y,1213:꼬냑,5386816,085131000082,https://www.shilladfs.com/estore/kr/ko/p/5386816
발렌타인 40년 마스터 콜렉션 챕터 2 700ml,발렌타인,9236.5,30.0,9236.5,13195.0,30.0,12,0,0.0,1,Y,1211:블렌디드 위스키,5945875,046131000055,https://www.shilladfs.com/estore/kr/ko/p/5945875
사화 막걸리 500ml,한국전통술,13.176,51.0,21.6,27.0,20.0,7,0,0.0,6,Y,1224:한국술,5937063,669331000152,https://www.shilladfs.com/estore/kr/ko/p/5937063
참이슬후레쉬 200ml*5,한국전통술,4.4799999999999995,36.0,5.6,7.0,20.0,0,0,0.0,0,N,1224:한국술,5939238,669331000130,https://www.shilladfs.com/estore/kr/ko/p/5939238
뉴리프 싱글배럴 버번 750ml,뉴리프,61.864,30.0,83.6,88.0,5.0,59,0,0.0,6,Y,1211:블렌디드 위스키,5917130,295531000004,https://www.shilladfs.com/estore/kr/ko/p/5917130
샤토 무통 로칠드 2014 750ml,5대 샤또,661.96,33.0,661.96,988.0,33.0,17,0,0.0,0,N,1221:와인/샴페인,5663003,252231000017,https://www.shilladfs.com/estore/kr/ko/p/5663003
샤토 오 브리옹 2012 750ml,5대 샤또,589.6,33.0,589.6,880.0,33.0,23,0,0.0,0,N,1221:와인/샴페인,5663007,252231000016,https://www.shilladfs.com/estore/kr/ko/p/5663007
샤토 마고 2000 750ml,5대 샤또,1365.0,35.0,1365.0,2100.0,35.0,26,0,0.0,0,N,1221:와인/샴페인,5398979,252231000013,https://www.shilladfs.com/estore/kr/ko/p/5398979
샤토 라피트 로칠드 2020 750ml,5대 샤또,1011.7,33.0,1011.7,1510.0,33.0,16,0,0.0,0,N,1221:와인/샴페인,5264327,252231000010,https://www.shilladfs.com/estore/kr/ko/p/5264327
샤토 라투르 2015 750ml,5대 샤또,923.0,35.0,923.0,1420.0,35.0,15,0,0.0,0,N,1221:와인/샴페인,5264326,252231000008,https://www.shilladfs.com/estore/kr/ko/p/5264326
샤토 무통 로칠드 2020 750ml,5대 샤또,938.0,33.0,938.0,1400.0,33.0,11,0,0.0,0,N,1221:와인/샴페인,5264324,252231000005,https://www.shilladfs.com/estore/kr/ko/p/5264324
샤토 마고 2019 750ml,5대 샤또,975.0,35.0,975.0,1500.0,35.0,16,0,0.0,0,N,1221:와인/샴페인,5264323,252231000004,https://www.shilladfs.com/estore/kr/ko/p/5264323
샤토 마고 2018 750ml,5대 샤또,942.5,35.0,942.5,1450.0,35.0,12,0,0.0,0,N,1221:와인/샴페인,5264329,252231000003,https://www.shilladfs.com/estore/kr/ko/p/5264329
샤토 무통 로칠드 2019 750ml,5대 샤또,942.5,35.0,942.5,1450.0,35.0,15,0,0.0,0,N,1221:와인/샴페인,5112406,252231000002,https://www.shilladfs.com/estore/kr/ko/p/5112406
글렌피딕 21년 CNY 2026 리미티드 에디션 700ml,글렌피딕,145.2,45.0,145.2,264.0,45.0,84,1,10.0,0,N,1220:싱글몰트 위스키,5904121,082331000063,https://www.shilladfs.com/estore/kr/ko/p/5904121
글렌피딕 18년 벳4 퍼페츄얼 IGL CNY 700ml,글렌피딕,79.75,45.0,79.75,145.0,45.0,86,0,0.0,0,N,1220:싱글몰트 위스키,5904120,082331000062,https://www.shilladfs.com/estore/kr/ko/p/5904120
사득주 말띠 54% 518ml,사득주,58.93,17.0,58.93,71.0,17.0,11,0,0.0,0,N,1216:중국술,5898475,067631000082,https://www.shilladfs.com/estore/kr/ko/p/5898475
Jerez Sherry Cask 1000ml,스페이번,36.72,49.0,36.72,72.0,49.0,7,0,0.0,6,Y,1220:싱글몰트 위스키,5866023,266531000007,https://www.shilladfs.com/estore/kr/ko/p/5866023
Bordeaux Red Wine Cask 1000ml,스페이번,32.391,45.0,53.1,59.0,10.0,2,0,0.0,6,Y,1220:싱글몰트 위스키,5866022,266531000006,https://www.shilladfs.com/estore/kr/ko/p/5866022
Kentucky Bourbon Cask 1000ml,스페이번,26.52,49.0,26.52,52.0,49.0,4,0,0.0,6,Y,1220:싱글몰트 위스키,5866024,266531000005,https://www.shilladfs.com/estore/kr/ko/p/5866024
Balblair 12 Years Old 1000ml,발블레어,40.8,49.0,40.8,80.0,49.0,7,0,0.0,6,Y,1220:싱글몰트 위스키,5865410,265731000005,https://www.shilladfs.com/estore/kr/ko/p/5865410
시바스리갈 엑스트라 럼 캐스크 셀렉션 1000ml,시바스리갈,40.6087,30.0,55.1,58.0,5.0,3,0,0.0,6,Y,1211:블렌디드 위스키,5897717,110331000037,https://www.shilladfs.com/estore/kr/ko/p/5897717
"가야, 카마르칸다 프로미스 2022 750ml",에노테카,41.895,40.0,66.5,70.0,5.0,11,0,0.0,0,N,1221:와인/샴페인,5875686,126931000051,https://www.shilladfs.com/estore/kr/ko/p/5875686
펜폴즈 빈28 빈티지 2023 750ml,펜폴즈,34.162,41.0,55.1,58.0,5.0,17,0,0.0,0,N,1221:와인/샴페인,5819195,195231000066,https://www.shilladfs.com/estore/kr/ko/p/5819195
펜폴즈 빈389 테마틱 2023 750ml,펜폴즈,76.041,36.0,107.1,119.0,10.0,17,0,0.0,0,N,1221:와인/샴페인,5819194,195231000064,https://www.shilladfs.com/estore/kr/ko/p/5819194
펜폴즈 빈707 빈티지 2023 (2026 LNY) 750ml,펜폴즈,452.2,34.0,646.0,680.0,5.0,1,0,0.0,0,N,1221:와인/샴페인,5819192,195231000061,https://www.shilladfs.com/estore/kr/ko/p/5819192
펜폴즈 빈707 빈티지 2023 750ml,펜폴즈,439.28,35.0,646.0,680.0,5.0,8,0,0.0,6,Y,1221:와인/샴페인,5819198,195231000060,https://www.shilladfs.com/estore/kr/ko/p/5819198
펜폴즈 빈600 테마틱 2022 750ml,펜폴즈,49.875,34.0,71.25,75.0,5.0,2,0,0.0,0,N,1221:와인/샴페인,5819191,195231000059,https://www.shilladfs.com/estore/kr/ko/p/5819191
펜폴즈 FWT585 테마틱 2022 750ml,펜폴즈,79.8,34.0,114.0,120.0,5.0,3,0,0.0,0,N,1221:와인/샴페인,5819196,195231000057,https://www.shilladfs.com/estore/kr/ko/p/5819196
Old Pulteney 16 Years Old 700ml,올드풀트니,77.52,35.0,114.0,120.0,5.0,49,0,0.0,6,Y,1220:싱글몰트 위스키,5865719,265831000010,https://www.shilladfs.com/estore/kr/ko/p/5865719
Old Pulteney 13 Years Old 1000ml,올드풀트니,56.202,35.0,82.65,87.0,5.0,19,0,0.0,6,Y,1220:싱글몰트 위스키,5865718,265831000009,https://www.shilladfs.com/estore/kr/ko/p/5865718
Old Pulteney 10 Years Old 1000ml,올드풀트니,38.114,35.0,56.05,59.0,5.0,6,0,0.0,6,Y,1220:싱글몰트 위스키,5866021,265831000008,https://www.shilladfs.com/estore/kr/ko/p/5866021
GLENGOINE 12yo First-Fill Edition 1000ml,글렌고인,43.45,45.0,43.45,79.0,45.0,47,0,0.0,6,Y,1220:싱글몰트 위스키,5865404,294531000001,https://www.shilladfs.com/estore/kr/ko/p/5865404
레미마틴 1738 700ml,레미마틴,61.6,30.0,61.6,88.0,30.0,14,0,0.0,0,N,1213:꼬냑,5846423,085131000101,https://www.shilladfs.com/estore/kr/ko/p/5846423
레미마틴 VSOP 2025 EOY 1000ml,레미마틴,46.92,54.0,46.92,102.0,54.0,15,0,0.0,6,Y,1213:꼬냑,5885911,085131000110,https://www.shilladfs.com/estore/kr/ko/p/5885911
백경 15 750ml,한국전통술,47.5,50.0,47.5,95.0,50.0,7,0,0.0,6,Y,1224:한국술,5866139,669331000144,https://www.shilladfs.com/estore/kr/ko/p/5866139
신례명주 휴 750ml,한국전통술,96.0,36.0,120.0,150.0,20.0,5,0,0.0,6,Y,1224:한국술,5866137,669331000142,https://www.shilladfs.com/estore/kr/ko/p/5866137
이강주 혼합2호 375ml*2,한국전통술,30.72,36.0,38.4,48.0,20.0,4,0,0.0,6,Y,1224:한국술,5866135,669331000138,https://www.shilladfs.com/estore/kr/ko/p/5866135
서울의밤 40 375ml,한국전통술,6.3,55.0,6.3,14.0,55.0,8,0,0.0,6,Y,1224:한국술,5866132,669331000134,https://www.shilladfs.com/estore/kr/ko/p/5866132
원매 750ml,한국전통술,14.080000000000002,36.0,17.6,22.0,20.0,4,0,0.0,6,Y,1224:한국술,5866120,669331000118,https://www.shilladfs.com/estore/kr/ko/p/5866120
태평3호 400ml*2,한국전통술,60.800000000000004,36.0,76.0,95.0,20.0,5,1,8.0,6,Y,1224:한국술,4430991,669331000112,https://www.shilladfs.com/estore/kr/ko/p/4430991
태평2호 750ml,한국전통술,27.45,55.0,27.45,61.0,55.0,5,0,0.0,6,Y,1224:한국술,4430990,669331000111,https://www.shilladfs.com/estore/kr/ko/p/4430990
화요 적마에디션 750ml,화요,28.799999999999997,52.0,48.0,60.0,20.0,64,0,0.0,0,N,1224:한국술,5870138,669331000147,https://www.shilladfs.com/estore/kr/ko/p/5870138
백일주 도깨비 500ml,한국전통술,33.28,36.0,41.6,52.0,20.0,13,0,0.0,6,Y,1224:한국술,5869380,669331000094,https://www.shilladfs.com/estore/kr/ko/p/5869380
한주매화 700ml,한국전통술,26.880000000000003,36.0,33.6,42.0,20.0,21,0,0.0,6,Y,1224:한국술,5866131,669331000133,https://www.shilladfs.com/estore/kr/ko/p/5866131
한주서각 400ml,한국전통술,21.12,36.0,26.4,33.0,20.0,12,0,0.0,6,Y,1224:한국술,5868511,669331000059,https://www.shilladfs.com/estore/kr/ko/p/5868511
그랑 패트론 브루데오스 700ml,패트론,263.34,40.0,418.0,440.0,5.0,37,0,0.0,0,N,1226:스피릿,5886280,122131000020,https://www.shilladfs.com/estore/kr/ko/p/5886280
닷사이 미라이 720ml,닷사이,,,180.0,180.0,0.0,10,0,0.0,6,Y,1227:기타 주류,5875954,282631000004,https://www.shilladfs.com/estore/kr/ko/p/5875954
델라망 XXO 700ml,델라망,280.497,30.0,379.05,399.0,5.0,25,0,0.0,0,N,1213:꼬냑,5804870,292831000009,https://www.shilladfs.com/estore/kr/ko/p/5804870
델라망 XO 700ml,델라망,165.20499999999998,30.0,223.25,235.0,5.0,13,0,0.0,6,Y,1213:꼬냑,5804876,292831000008,https://www.shilladfs.com/estore/kr/ko/p/5804876
볼랭저 로제 750ml,볼랭저,100.0,20.0,100.0,125.0,20.0,46,0,0.0,0,N,1221:와인/샴페인,5804868,292831000002,https://www.shilladfs.com/estore/kr/ko/p/5804868
CODIGO 1530 REPOSADO 1L,올메카,39.204,46.0,39.6,72.0,45.0,10,0,0.0,6,Y,1226:스피릿,5866596,132431000008,https://www.shilladfs.com/estore/kr/ko/p/5866596
보모어 11년 700ml,보모어,,,35.75,55.0,35.0,14,0,0.0,6,Y,1220:싱글몰트 위스키,5833044,114231000059,https://www.shilladfs.com/estore/kr/ko/p/5833044
사득주 중서성현 52% 500ml,사득주,105.91,11.0,105.91,119.0,11.0,14,0,0.0,5,Y,1216:중국술,5868425,067631000081,https://www.shilladfs.com/estore/kr/ko/p/5868425
사득주 장품10년 52% 500ml,사득주,125.1,10.0,125.1,139.0,10.0,21,0,0.0,6,Y,1216:중국술,5868424,067631000080,https://www.shilladfs.com/estore/kr/ko/p/5868424
CODIGO 1530 ROSA 1L,올메카,45.21999999999999,34.0,64.6,68.0,5.0,5,0,0.0,6,Y,1226:스피릿,5866594,132431000007,https://www.shilladfs.com/estore/kr/ko/p/5866594
글렌모렌지 16년 트리뷰트 1000ml,글렌모렌지,74.25,25.0,74.25,99.0,25.0,56,0,0.0,0,N,1220:싱글몰트 위스키,5843623,108631000069,https://www.shilladfs.com/estore/kr/ko/p/5843623
글렌모렌지 14년 엘레멘타 1000ml,글렌모렌지,67.5,25.0,67.5,90.0,25.0,47,0,0.0,6,Y,1220:싱글몰트 위스키,5843622,108631000068,https://www.shilladfs.com/estore/kr/ko/p/5843622
고려인삼화주 1000ml,케이전통주,51.3,43.0,85.5,90.0,5.0,15,0,0.0,6,Y,1224:한국술,5717217,955331000023,https://www.shilladfs.com/estore/kr/ko/p/5717217
문배술 블루 500ml,케이전통주,20.5,50.0,20.5,41.0,50.0,8,0,0.0,6,Y,1224:한국술,5837732,955331000011,https://www.shilladfs.com/estore/kr/ko/p/5837732
문배술 700ml,케이전통주,29.07,43.0,48.45,51.0,5.0,20,0,0.0,6,Y,1224:한국술,5717420,955331000010,https://www.shilladfs.com/estore/kr/ko/p/5717420
발베니12년 골든캐스크 IGL 700ml,발베니,48.8,39.0,48.8,80.0,39.0,165,0,0.0,0,N,1220:싱글몰트 위스키,5815472,112231000049,https://www.shilladfs.com/estore/kr/ko/p/5815472
산토리 우메슈 리치앰버 750ml,산토리,27.664,51.0,53.2,56.0,5.0,139,0,0.0,0,N,1227:기타 주류,5796198,114131000048,https://www.shilladfs.com/estore/kr/ko/p/5796198
시바스리갈 엑스트라 셰리 캐스크 셀렉션 1000ml,시바스리갈,40.6087,30.0,55.1,58.0,5.0,12,0,0.0,6,Y,1211:블렌디드 위스키,5828032,110331000036,https://www.shilladfs.com/estore/kr/ko/p/5828032
시그나토리 오크니(HP) 2005 캐스크 스트렝스 19년 #31 700ml,시그나토리 빈티지,193.79999999999998,35.0,285.0,300.0,5.0,177,3,10.0,0,N,1220:싱글몰트 위스키,5819169,288631000006,https://www.shilladfs.com/estore/kr/ko/p/5819169
샤또 퐁테 카네 2021 750ml,샤토 퐁테 카네 ,94.96199999999999,35.0,139.65,147.0,5.0,147,1,10.0,0,N,1221:와인/샴페인,5778062,287231000018,https://www.shilladfs.com/estore/kr/ko/p/5778062
샤또 라퐁 로쉐 2018 750ml,샤토 라퐁 로쉐,46.084500000000006,40.0,73.15,77.0,5.0,79,0,0.0,0,N,1221:와인/샴페인,5778061,287231000017,https://www.shilladfs.com/estore/kr/ko/p/5778061
시그나토리 글렌리벳 2006 캐스크 스트렝스 18년 #901031 700ml,시그나토리 빈티지,180.8705,25.0,228.95,241.0,5.0,472,2,10.0,0,N,1220:싱글몰트 위스키,5819168,288631000005,https://www.shilladfs.com/estore/kr/ko/p/5819168
다우 40년 숙성 토니 포트 750ml,다우,150.0,40.0,150.0,250.0,40.0,38,0,0.0,6,Y,1221:와인/샴페인,5812225,268331000077,https://www.shilladfs.com/estore/kr/ko/p/5812225
GF LIQU GF19 Aston Martin F1 700ml,글렌피딕,95.7,42.0,95.7,165.0,42.0,235,0,0.0,0,N,1220:싱글몰트 위스키,5798745,082331000060,https://www.shilladfs.com/estore/kr/ko/p/5798745
GF LIQU GF18 Vat 4 IGL Festive 700ml,글렌피딕,94.25,35.0,94.25,145.0,35.0,147,0,0.0,0,N,1220:싱글몰트 위스키,5798744,082331000059,https://www.shilladfs.com/estore/kr/ko/p/5798744
히비키 마스터즈 셀렉트 스페셜 에디션 700ml,산토리,238.0,0.0,238.0,238.0,0.0,732,0,0.0,0,N,1211:블렌디드 위스키,5166675,114131000018,https://www.shilladfs.com/estore/kr/ko/p/5166675
헤네시 VSOP 1500ml,헤네시,,,116.8,146.0,20.0,34,0,0.0,6,Y,1213:꼬냑,5411793,086931000111,https://www.shilladfs.com/estore/kr/ko/p/5411793
루이 자도 르 끌로 블랑 2021 750ml,신세계 L&B,91.65599999999999,40.0,136.8,152.0,10.0,6,0,0.0,0,N,1221:와인/샴페인,5399050,115331000193,https://www.shilladfs.com/estore/kr/ko/p/5399050
보모어 25년 700ml,보모어,,,476.0,560.0,15.0,84,1,10.0,1,Y,1220:싱글몰트 위스키,5221773,114231000037,https://www.shilladfs.com/estore/kr/ko/p/5221773
"칸티, 브라케토 핑크 에디션 750ml",신세계 L&B,16.200000000000003,33.0,21.6,24.0,10.0,19,0,0.0,0,N,1221:와인/샴페인,5264524,115331000189,https://www.shilladfs.com/estore/kr/ko/p/5264524
"칸티, 모스카토 다스티 DOCG 골드에디션 750ml",신세계 L&B,16.200000000000003,33.0,21.6,24.0,10.0,24,0,0.0,0,N,1221:와인/샴페인,5264522,115331000188,https://www.shilladfs.com/estore/kr/ko/p/5264522
말피 진 레몬 1000ml,몽키 47,24.5,50.0,24.5,49.0,50.0,12,0,0.0,6,Y,1226:스피릿,5769828,289831000008,https://www.shilladfs.com/estore/kr/ko/p/5769828
말피 진 오렌지 1000ml,몽키 47,24.5,50.0,24.5,49.0,50.0,4,0,0.0,6,Y,1226:스피릿,5769834,289831000007,https://www.shilladfs.com/estore/kr/ko/p/5769834
말피 진 로사 1000ml,몽키 47,24.5,50.0,24.5,49.0,50.0,4,0,0.0,6,Y,1226:스피릿,5769826,289831000005,https://www.shilladfs.com/estore/kr/ko/p/5769826
말피 진 오리지날 1000ml,몽키 47,24.740099999999998,50.0,24.99,49.0,49.0,3,0,0.0,6,Y,1226:스피릿,5769833,289831000004,https://www.shilladfs.com/estore/kr/ko/p/5769833
키노비 세이 교토 드라이 진 700ml,몽키 47,35.88,48.0,35.88,69.0,48.0,6,0,0.0,6,Y,1226:스피릿,5769832,289831000002,https://www.shilladfs.com/estore/kr/ko/p/5769832
키노비 티 교토 드라이 진 700ml,몽키 47,36.5,50.0,36.5,73.0,50.0,9,0,0.0,6,Y,1226:스피릿,5769831,289831000001,https://www.shilladfs.com/estore/kr/ko/p/5769831
카미키 인텐스 500ml,카미키,46.2,45.0,46.2,84.0,45.0,5,0,0.0,6,Y,1211:블렌디드 위스키,5696486,254631000026,https://www.shilladfs.com/estore/kr/ko/p/5696486
사일런트풀 메디테라니언 1000ml,발베니,38.28,42.0,38.28,66.0,42.0,3,0,0.0,6,Y,1226:스피릿,5805564,112231000042,https://www.shilladfs.com/estore/kr/ko/p/5805564
REMY MAR LIQU LXIII 50ml,루이13,900.0,0.0,900.0,900.0,0.0,18,0,0.0,1,Y,1213:꼬냑,5804157,085131000072,https://www.shilladfs.com/estore/kr/ko/p/5804157
폴리냑 EIFFEL TOWER VSOP 500ml,폴리냑,33.93000000000001,48.0,58.5,65.0,10.0,15,0,0.0,0,N,1213:꼬냑,5801494,109431000010,https://www.shilladfs.com/estore/kr/ko/p/5801494
피에르 샤니에 상세르 블랑 2023 750ml,와인나라,33.7725,25.0,42.75,45.0,5.0,12,0,0.0,0,N,1221:와인/샴페인,5789358,115431000206,https://www.shilladfs.com/estore/kr/ko/p/5789358
그랑 패트론 피에드라 700ml,패트론,192.456,41.0,291.6,324.0,10.0,55,0,0.0,0,N,1226:스피릿,5799369,122131000019,https://www.shilladfs.com/estore/kr/ko/p/5799369
패트론 엑스오 카페 750ml,패트론,57.0,0.0,57.0,57.0,0.0,33,0,0.0,6,Y,1226:스피릿,5799368,122131000018,https://www.shilladfs.com/estore/kr/ko/p/5799368
"니콜라스 푸이야트, 그랑 크뤼 블랑 드 누아 2015 750ml",니콜라스 푸이야트,57.330000000000005,42.0,88.2,98.0,10.0,41,0,0.0,0,N,1221:와인/샴페인,5663001,273531000007,https://www.shilladfs.com/estore/kr/ko/p/5663001
"니콜라스 푸이야트, 그랑 크뤼 블랑 드 블랑 2015 750ml",니콜라스 푸이야트,57.330000000000005,42.0,88.2,98.0,10.0,39,0,0.0,0,N,1221:와인/샴페인,5663002,273531000006,https://www.shilladfs.com/estore/kr/ko/p/5663002
The Deacon 1L,발렌타인,34.30735,30.0,46.55,49.0,5.0,3,0,0.0,6,Y,1211:블렌디드 위스키,5796123,046131000063,https://www.shilladfs.com/estore/kr/ko/p/5796123
엔젤스 엔비 스몰 700ml,듀어스,55.86,43.0,55.86,98.0,43.0,29,0,0.0,6,Y,1211:블렌디드 위스키,5791018,113531000092,https://www.shilladfs.com/estore/kr/ko/p/5791018
엔젤스 엔비 플래그십 700ml,듀어스,30.38,38.0,30.38,49.0,38.0,25,0,0.0,6,Y,1211:블렌디드 위스키,5791017,113531000091,https://www.shilladfs.com/estore/kr/ko/p/5791017
로얄브라클라 24년 익셉셔널 캐스크 CS (올로로소) 700ml,로얄브라클라,629.3,30.0,629.3,899.0,30.0,173,0,0.0,0,N,1220:싱글몰트 위스키,5791016,113531000088,https://www.shilladfs.com/estore/kr/ko/p/5791016
"잉크 그레이드, 소비뇽 블랑 2022 750ml",잉크 그레이드,59.052,30.0,79.8,84.0,5.0,26,0,0.0,6,Y,1221:와인/샴페인,5705509,288831000008,https://www.shilladfs.com/estore/kr/ko/p/5705509
"잉크 그레이드, 하웰 마운틴 카베르네 소비뇽 2018 750ml",잉크 그레이드,118.807,30.0,160.55,169.0,5.0,11,0,0.0,0,N,1221:와인/샴페인,5705515,288831000007,https://www.shilladfs.com/estore/kr/ko/p/5705515
"잉크 그레이드, 안도솔 레드 블렌드 2018 750ml",잉크 그레이드,68.191,30.0,92.15,97.0,5.0,13,0,0.0,0,N,1221:와인/샴페인,5705514,288831000006,https://www.shilladfs.com/estore/kr/ko/p/5705514
모엣 & 샹동 그랑 빈티지 750ml,모엣 샹동,,,65.25,87.0,25.0,74,0,0.0,0,N,1221:와인/샴페인,5786506,108931000123,https://www.shilladfs.com/estore/kr/ko/p/5786506
헤네시 XO 350ml,헤네시,,,93.75,125.0,25.0,208,0,0.0,0,N,1213:꼬냑,5786501,086931000113,https://www.shilladfs.com/estore/kr/ko/p/5786501
CINCORO TEQUILA 싱코로 레포사도 750ml,싱코로,92.568,20.0,110.2,116.0,5.0,36,0,0.0,0,N,1226:스피릿,5746937,290031000001,https://www.shilladfs.com/estore/kr/ko/p/5746937
산토리 토키 블랙 1000ml,산토리,27.17,51.0,52.25,55.0,5.0,39,0,0.0,0,N,1211:블렌디드 위스키,5746023,114131000045,https://www.shilladfs.com/estore/kr/ko/p/5746023
더 글렌그란트 30년 700ml,더 글렌그란트,1800.0,10.0,1800.0,2000.0,10.0,17,0,0.0,0,N,1220:싱글몰트 위스키,5783250,257131000010,https://www.shilladfs.com/estore/kr/ko/p/5783250
잭다니엘 본디드 1000ml,잭다니엘,26.448000000000004,45.0,45.6,48.0,5.0,55,0,0.0,6,Y,1211:블렌디드 위스키,5712650,114931000068,https://www.shilladfs.com/estore/kr/ko/p/5712650
화요 광복80주년에디션 750ml,케이전통주,25.08,43.0,41.8,44.0,5.0,45,2,10.0,0,N,1224:한국술,5750623,955331000024,https://www.shilladfs.com/estore/kr/ko/p/5750623
DALMORE LIQU Fettercairn 50YO 70cl,패터캐른,26235.0,10.0,26235.0,29150.0,10.0,2,0,0.0,1,Y,1220:싱글몰트 위스키,5219287,114431000090,https://www.shilladfs.com/estore/kr/ko/p/5219287
기원 달 700ml,기원 위스키,35.4,40.0,35.4,59.0,40.0,87,0,0.0,0,N,1220:싱글몰트 위스키,5757509,922031000007,https://www.shilladfs.com/estore/kr/ko/p/5757509
고든앤맥패일 프라이빗컬렉션 링크우드 1981 40년 700ml,고든 앤 맥패일,2009.15,45.0,2009.15,3653.0,45.0,27,0,0.0,1,Y,1220:싱글몰트 위스키,5747995,115431000205,https://www.shilladfs.com/estore/kr/ko/p/5747995
고든앤맥패일 코노세어초이스 스트라스아일라 1985 38년 700ml,고든 앤 맥패일,1943.15,45.0,1943.15,3533.0,45.0,14,0,0.0,1,Y,1220:싱글몰트 위스키,5747994,115431000204,https://www.shilladfs.com/estore/kr/ko/p/5747994
고든앤맥패일 프라이빗컬렉션 스페이번 1977 44년 700ml,고든 앤 맥패일,2773.65,45.0,2773.65,5043.0,45.0,10,0,0.0,0,N,1220:싱글몰트 위스키,5747993,115431000203,https://www.shilladfs.com/estore/kr/ko/p/5747993
고든앤맥패일 코노세어초이스 글렌로지 1988 32년 700ml,고든 앤 맥패일,1434.4,45.0,1434.4,2608.0,45.0,13,0,0.0,1,Y,1220:싱글몰트 위스키,5747992,115431000202,https://www.shilladfs.com/estore/kr/ko/p/5747992
고든앤맥패일 코노세어초이스 하이랜드파크 1987 35년 700ml,고든 앤 맥패일,1437.15,45.0,1437.15,2613.0,45.0,31,0,0.0,0,N,1220:싱글몰트 위스키,5747991,115431000201,https://www.shilladfs.com/estore/kr/ko/p/5747991
벤리악 40년 700ml,벤리악,3136.0,36.0,3136.0,4900.0,36.0,4,0,0.0,1,Y,1220:싱글몰트 위스키,5757662,114931000051,https://www.shilladfs.com/estore/kr/ko/p/5757662
GF LIQU Glenfiddich 50 Time Series 700ml,글렌피딕,39187.5,25.0,39187.5,52250.0,25.0,12,0,0.0,0,N,1220:싱글몰트 위스키,5188730,082331000050,https://www.shilladfs.com/estore/kr/ko/p/5188730
GF LIQU Glenfiddich 40 700ml,글렌피딕,3017.3,45.0,3017.3,5486.0,45.0,30,0,0.0,0,N,1220:싱글몰트 위스키,5757402,082331000047,https://www.shilladfs.com/estore/kr/ko/p/5757402
CINCORO TEQUILA 싱코로 아네호 750ml,싱코로,122.094,20.0,145.35,153.0,5.0,57,0,0.0,0,N,1226:스피릿,5746938,290031000002,https://www.shilladfs.com/estore/kr/ko/p/5746938
오미로제 연 750ml,케이전통주,22.229999999999997,43.0,37.05,39.0,5.0,6,0,0.0,5,Y,1224:한국술,5748212,955331000018,https://www.shilladfs.com/estore/kr/ko/p/5748212
고운달43도 250ml,케이전통주,51.87,43.0,86.45,91.0,5.0,37,0,0.0,6,Y,1224:한국술,5717422,955331000015,https://www.shilladfs.com/estore/kr/ko/p/5717422
수록시그니쳐 챕터1 700ml,케이전통주,62.699999999999996,43.0,104.5,110.0,5.0,35,0,0.0,0,N,1224:한국술,5717343,955331000001,https://www.shilladfs.com/estore/kr/ko/p/5717343
화요41청사에디션 750ml,케이전통주,21.09,43.0,35.15,37.0,5.0,122,3,10.0,0,N,1224:한국술,5717211,955331000008,https://www.shilladfs.com/estore/kr/ko/p/5717211
BALVENIE LIQU Balvenie 40 Y3 700ml,발베니,7457.72,26.0,7457.72,10078.0,26.0,41,0,0.0,2,Y,1220:싱글몰트 위스키,5753467,112231000041,https://www.shilladfs.com/estore/kr/ko/p/5753467
펜폴즈 빈 51 에덴 밸리 리슬링 2023 750ml,펜폴즈,29.3265,40.0,46.55,49.0,5.0,12,0,0.0,0,N,1221:와인/샴페인,5661341,195231000056,https://www.shilladfs.com/estore/kr/ko/p/5661341
글렌알라키 35년 700mL,글렌알라키,1363.0,53.0,1363.0,2900.0,53.0,86,0,0.0,0,N,1220:싱글몰트 위스키,5744680,265631000018,https://www.shilladfs.com/estore/kr/ko/p/5744680
글렌알라키 17Y 미즈나라 700mL,글렌알라키,296.02000000000004,22.0,361.0,380.0,5.0,907,12,9.0,0,N,1220:싱글몰트 위스키,5744591,265631000017,https://www.shilladfs.com/estore/kr/ko/p/5744591
윌더니스 트레일 켄터키 스트레이트 하이 라이 버번 750ml,WILDERNESS TRAIL,24.2,56.0,24.2,55.0,56.0,10,0,0.0,6,Y,1211:블렌디드 위스키,5690486,256731000009,https://www.shilladfs.com/estore/kr/ko/p/5690486
윌더니스 트레일 켄터키 스트레이트 휘티드 버번 750ml,WILDERNESS TRAIL,21.5,57.0,21.5,50.0,57.0,16,0,0.0,6,Y,1211:블렌디드 위스키,5690487,256731000010,https://www.shilladfs.com/estore/kr/ko/p/5690487
윌더니스 트레일 켄터키 스트레이트 라이 750ml,WILDERNESS TRAIL,25.175,50.0,47.5,50.0,5.0,4,0,0.0,6,Y,1211:블렌디드 위스키,5690488,256731000011,https://www.shilladfs.com/estore/kr/ko/p/5690488
고든앤맥패일 코노세어초이스 몰트락 2000 23년 700ml,고든 앤 맥패일,299.098,35.0,439.85,463.0,5.0,29,0,0.0,1,Y,1220:싱글몰트 위스키,5724901,115431000191,https://www.shilladfs.com/estore/kr/ko/p/5724901
고든앤맥패일 코노세어초이스 스트라스밀 2009 14년 700ml,고든 앤 맥패일,150.51799999999997,35.0,221.35,233.0,5.0,34,0,0.0,0,N,1220:싱글몰트 위스키,5724904,115431000192,https://www.shilladfs.com/estore/kr/ko/p/5724904
고든앤맥패일 코노세어초이스 스트라스밀 2008 14년 700ml,고든 앤 맥패일,153.748,35.0,226.1,238.0,5.0,35,0,0.0,0,N,1220:싱글몰트 위스키,5724902,115431000194,https://www.shilladfs.com/estore/kr/ko/p/5724902
고든앤맥패일 코노세어초이스 글렌버기 1995 27년 700ml,고든 앤 맥패일,376.618,35.0,553.85,583.0,5.0,66,0,0.0,0,N,1220:싱글몰트 위스키,5724907,115431000196,https://www.shilladfs.com/estore/kr/ko/p/5724907
GF LIQU Glenfiddich 39 1985 Cask 700ml,글렌피딕,3118.5,37.0,3118.5,4950.0,37.0,59,1,8.0,6,Y,1220:싱글몰트 위스키,5717430,082331000057,https://www.shilladfs.com/estore/kr/ko/p/5717430
헤네시 돔페리뇽 빈티지 2015 750ML,돔 페리뇽,,,198.0,220.0,10.0,803,1,8.0,0,N,1221:와인/샴페인,5667223,108931000093,https://www.shilladfs.com/estore/kr/ko/p/5667223
헤네시 XO 3000ml,헤네시,,,835.25,1285.0,35.0,15,0,0.0,1,Y,1213:꼬냑,5069984,086931000038,https://www.shilladfs.com/estore/kr/ko/p/5069984
GLENSCOT LIQU 2016 Exclusive Cask 700ml,글렌 스코시아,63.00000000000001,50.0,112.5,125.0,10.0,181,3,10.0,0,N,1220:싱글몰트 위스키,5712162,265131000005,https://www.shilladfs.com/estore/kr/ko/p/5712162
글렌모레이 럼 아그리꼴 700ml,글렌모레이,66.72,52.0,66.72,139.0,52.0,7,0,0.0,6,Y,1220:싱글몰트 위스키,5707055,249031000012,https://www.shilladfs.com/estore/kr/ko/p/5707055
오초 데킬라 플라타 750ml,와인나라,56.84799999999999,35.0,83.6,88.0,5.0,29,0,0.0,6,Y,1226:스피릿,5641780,274231000024,https://www.shilladfs.com/estore/kr/ko/p/5641780
"루이로드레, 컬렉션 245 750ml",에노테카,57.375,33.0,76.5,85.0,10.0,186,0,0.0,0,N,1221:와인/샴페인,5694039,126931000046,https://www.shilladfs.com/estore/kr/ko/p/5694039
파이퍼하이직 에센셜 바이 탄산바 750ml,와인나라,57.6,10.0,57.6,64.0,10.0,67,0,0.0,0,N,1221:와인/샴페인,5691202,115431000189,https://www.shilladfs.com/estore/kr/ko/p/5691202
싱글톤 더프타운 25년 700ml,싱글톤,360.0,40.0,360.0,600.0,40.0,131,0,0.0,6,Y,1220:싱글몰트 위스키,5704240,111231000048,https://www.shilladfs.com/estore/kr/ko/p/5704240
라가불린 10년 700ml,라가불린,52.7345,42.0,86.45,91.0,5.0,37,0,0.0,0,N,1220:싱글몰트 위스키,5704238,111131000033,https://www.shilladfs.com/estore/kr/ko/p/5704238
와일드터키101 라이 1000ml,와일드터키,20.7,55.0,20.7,46.0,55.0,55,0,0.0,6,Y,1211:블렌디드 위스키,5690489,257231000009,https://www.shilladfs.com/estore/kr/ko/p/5690489
폴리냑 EXTRA 70cl,폴리냑,206.19000000000003,48.0,355.5,395.0,10.0,17,0,0.0,0,N,1213:꼬냑,5696951,109431000005,https://www.shilladfs.com/estore/kr/ko/p/5696951
사득주 지혜 10년 52% 500ml,사득주,71.22149999999999,40.0,113.05,119.0,5.0,32,0,0.0,0,N,1216:중국술,5697035,067631000055,https://www.shilladfs.com/estore/kr/ko/p/5697035
양허 몽지람 뱀 52% 550ml,양허,79.23,43.0,79.23,139.0,43.0,128,1,10.0,6,Y,1216:중국술,5696950,067631000074,https://www.shilladfs.com/estore/kr/ko/p/5696950
아드모어 트리플 우드 1000ml,아드모어,58.8,30.0,58.8,84.0,30.0,7,0,0.0,6,Y,1220:싱글몰트 위스키,5642385,114231000058,https://www.shilladfs.com/estore/kr/ko/p/5642385
고든앤맥패일 코노세어초이스 하이랜드 파크 1998 25년 700ml,고든 앤 맥패일,305.558,35.0,449.35,473.0,5.0,226,0,0.0,0,N,1220:싱글몰트 위스키,5677224,115431000188,https://www.shilladfs.com/estore/kr/ko/p/5677224
고든앤맥패일 코노세어초이스 쿨일라 2006 17년 700ml,고든 앤 맥패일,216.0,20.0,216.0,270.0,20.0,58,0,0.0,0,N,1220:싱글몰트 위스키,5677236,115431000186,https://www.shilladfs.com/estore/kr/ko/p/5677236
고든앤맥패일 코노세어초이스 쿨일라 사시까이아 2010 12년 700ml,고든 앤 맥패일,132.42999999999998,35.0,194.75,205.0,5.0,113,0,0.0,0,N,1220:싱글몰트 위스키,5677233,115431000184,https://www.shilladfs.com/estore/kr/ko/p/5677233
고든앤맥패일 코노세어초이스 글렌토커스 2007 15년 700ml,고든 앤 맥패일,133.72199999999998,35.0,196.65,207.0,5.0,76,1,10.0,0,N,1220:싱글몰트 위스키,5677232,115431000183,https://www.shilladfs.com/estore/kr/ko/p/5677232
고든앤맥패일 디스틸러리 몰트락 15년 700ml,고든 앤 맥패일,96.254,35.0,141.55,149.0,5.0,42,0,0.0,0,N,1220:싱글몰트 위스키,5677231,115431000181,https://www.shilladfs.com/estore/kr/ko/p/5677231
고든앤맥패일 디스커버리 토마틴 2011 12년 700ml,고든 앤 맥패일,53.61799999999999,35.0,78.85,83.0,5.0,19,0,0.0,0,N,1220:싱글몰트 위스키,5677226,115431000174,https://www.shilladfs.com/estore/kr/ko/p/5677226
고든앤맥패일 디스커버리 글렌로티스 11년 700ml,고든 앤 맥패일,53.61799999999999,35.0,78.85,83.0,5.0,27,0,0.0,0,N,1220:싱글몰트 위스키,5677225,115431000172,https://www.shilladfs.com/estore/kr/ko/p/5677225
헤네시 VSOP 1500ml,헤네시,,,126.0,168.0,25.0,23,0,0.0,6,Y,1213:꼬냑,5389377,086931000107,https://www.shilladfs.com/estore/kr/ko/p/5389377
분주 죽엽청 20년 500ml,분주,53.61799999999999,35.0,78.85,83.0,5.0,35,0,0.0,0,N,1216:중국술,5673451,067631000072,https://www.shilladfs.com/estore/kr/ko/p/5673451
샤또 딸보 2019 750ml,샤토 딸보,70.965,15.0,78.85,83.0,5.0,351,0,0.0,0,N,1221:와인/샴페인,5599686,287231000004,https://www.shilladfs.com/estore/kr/ko/p/5599686
샤또 달마이약 뽀이약 2011 750ml,샤토 달마이약,71.82,32.0,99.75,105.0,5.0,131,0,0.0,0,N,1221:와인/샴페인,5599678,287231000005,https://www.shilladfs.com/estore/kr/ko/p/5599678
샤또 퐁테 카네 2017 750ml,샤토 퐁테 카네 ,114.589,30.0,154.85,163.0,5.0,128,2,9.0,0,N,1221:와인/샴페인,5599687,287231000007,https://www.shilladfs.com/estore/kr/ko/p/5599687
샤또 깔롱 세귀르 2015 750ml,샤토 깔롱 세귀르,162.85850000000002,25.0,206.15,217.0,5.0,126,0,0.0,0,N,1221:와인/샴페인,5599680,287231000008,https://www.shilladfs.com/estore/kr/ko/p/5599680
샤또 몽로즈 2011 750ml,샤토 몽로즈 ,159.8565,25.0,202.35,213.0,5.0,99,1,8.0,0,N,1221:와인/샴페인,5599681,287231000009,https://www.shilladfs.com/estore/kr/ko/p/5599681
지오반니 로쏘 바롤로 체레타 750ml,지오반니 로쏘,53.959999999999994,33.0,76.0,80.0,5.0,43,0,0.0,0,N,1221:와인/샴페인,5599689,287231000011,https://www.shilladfs.com/estore/kr/ko/p/5599689
오퍼스 원 2018 750ml,오퍼스 원,428.12699999999995,30.0,578.55,609.0,5.0,299,0,0.0,0,N,1221:와인/샴페인,5599682,287231000012,https://www.shilladfs.com/estore/kr/ko/p/5599682
오퍼스 원 2019 750ml,오퍼스 원,518.32,16.0,589.0,620.0,5.0,143,0,0.0,0,N,1221:와인/샴페인,5599683,287231000013,https://www.shilladfs.com/estore/kr/ko/p/5599683
세냐 2009 750ml,세냐,158.175,15.0,175.75,185.0,5.0,86,0,0.0,0,N,1221:와인/샴페인,5599690,287231000014,https://www.shilladfs.com/estore/kr/ko/p/5599690
샤또 달마이약 뽀이약 2017 750ml,샤토 달마이약,63.30799999999999,35.0,93.1,98.0,5.0,79,0,0.0,0,N,1221:와인/샴페인,5600331,287231000015,https://www.shilladfs.com/estore/kr/ko/p/5600331
샤또 디켐 2007 750ml,샤토 디켐,468.426,20.0,557.65,587.0,5.0,272,0,0.0,1,Y,1221:와인/샴페인,5600330,287231000016,https://www.shilladfs.com/estore/kr/ko/p/5600330
분주 죽엽청 30년 500ml,분주,84.62599999999999,35.0,124.45,131.0,5.0,72,0,0.0,0,N,1216:중국술,5673666,067631000073,https://www.shilladfs.com/estore/kr/ko/p/5673666
메이커스 마크 46 1000ml,메이커스마크,33.734500000000004,50.0,63.65,67.0,5.0,65,0,0.0,0,N,1220:싱글몰트 위스키,5592649,109831000035,https://www.shilladfs.com/estore/kr/ko/p/5592649
LXIII The Drop Leather (Red) 10ml,루이13,230.3,30.0,230.3,329.0,30.0,13,0,0.0,3,Y,1213:꼬냑,5386812,085131000079,https://www.shilladfs.com/estore/kr/ko/p/5386812
LXIII The Drop Leather (Gold) 10ml,루이13,230.3,30.0,230.3,329.0,30.0,12,0,0.0,4,Y,1213:꼬냑,5386815,085131000080,https://www.shilladfs.com/estore/kr/ko/p/5386815
헤네시 마스터 블렌더스 500ML,헤네시,,,64.0,80.0,20.0,18,0,0.0,0,N,1213:꼬냑,5667328,086931000065,https://www.shilladfs.com/estore/kr/ko/p/5667328
부샤 페레 필스 쥬브레 샹베르땅 2019 750ML,부샤,51.67999999999999,35.0,76.0,80.0,5.0,55,0,0.0,0,N,1221:와인/샴페인,5586791,268331000059,https://www.shilladfs.com/estore/kr/ko/p/5586791
리카 1000ml,제임슨,11.5434,48.0,11.66,22.0,47.0,7,0,0.0,6,Y,1226:스피릿,5661610,110531000004,https://www.shilladfs.com/estore/kr/ko/p/5661610
마텔 노블리지 1000ml,마텔,67.83,43.0,113.05,119.0,5.0,27,0,0.0,0,N,1213:꼬냑,5582448,110631000043,https://www.shilladfs.com/estore/kr/ko/p/5582448
마텔 노블리지 느아르 1000ml,마텔,77.52,43.0,129.2,136.0,5.0,16,0,0.0,1,Y,1213:꼬냑,5582381,110631000042,https://www.shilladfs.com/estore/kr/ko/p/5582381
닷사이 23 우드케이스 720ml,닷사이,,,82.0,82.0,0.0,1132,11,10.0,0,N,1227:기타 주류,5658064,282631000001,https://www.shilladfs.com/estore/kr/ko/p/5658064
닷사이 23 원심분리 720ml,닷사이,,,199.0,199.0,0.0,44,0,0.0,6,Y,1227:기타 주류,5658632,282631000002,https://www.shilladfs.com/estore/kr/ko/p/5658632
몬테스 알파 블랙 라벨 피노 누아 2021 750ml,몬테스,21.317999999999998,35.0,31.35,33.0,5.0,15,0,0.0,0,N,1221:와인/샴페인,5618605,268331000062,https://www.shilladfs.com/estore/kr/ko/p/5618605
몬테스 알파 블랙 라벨 소비뇽 블랑 2023 750ml,몬테스,19.38,35.0,28.5,30.0,5.0,21,0,0.0,0,N,1221:와인/샴페인,5618607,268331000063,https://www.shilladfs.com/estore/kr/ko/p/5618607
달모어 컨스텔레이션 1976년 700ml,달모어,,,20995.0,22100.0,5.0,28,0,0.0,1,Y,1220:싱글몰트 위스키,5653826,114431000031,https://www.shilladfs.com/estore/kr/ko/p/5653826
달모어 캐스크 큐레이션 시리즈 – 포트 에디션 700ml * 3,달모어,,,42227.5,44450.0,5.0,17,0,0.0,1,Y,1220:싱글몰트 위스키,5652877,114431000115,https://www.shilladfs.com/estore/kr/ko/p/5652877
카사미고스 레포사도 1000ml,돈훌리오,52.8,47.0,60.0,100.0,40.0,21,0,0.0,6,Y,1226:스피릿,5645439,254931000007,https://www.shilladfs.com/estore/kr/ko/p/5645439
카사미고스 블랑코 1000ml,돈훌리오,36.19,53.0,36.19,77.0,53.0,25,0,0.0,6,Y,1226:스피릿,5645337,254931000006,https://www.shilladfs.com/estore/kr/ko/p/5645337
그랑 마르니에 1L,그랑 마르니에,21.147000000000002,50.0,39.9,42.0,5.0,29,0,0.0,6,Y,1226:스피릿,5591067,256731000008,https://www.shilladfs.com/estore/kr/ko/p/5591067
글렌글라사 12yo 700ml,GLENGLASSAUGH,34.71300000000001,45.0,59.85,63.0,5.0,68,0,0.0,6,Y,1220:싱글몰트 위스키,5534638,114931000061,https://www.shilladfs.com/estore/kr/ko/p/5534638
오크스피릿 375ml,댄싱사이더,9.18,46.0,9.18,17.0,46.0,13,0,0.0,6,Y,1224:한국술,5596452,946631000006,https://www.shilladfs.com/estore/kr/ko/p/5596452
애플스피릿 375ml,댄싱사이더,8.2555,25.0,10.45,11.0,5.0,17,0,0.0,6,Y,1224:한국술,5596451,946631000005,https://www.shilladfs.com/estore/kr/ko/p/5596451
허니문배 750ml,댄싱사이더,9.006,25.0,11.4,12.0,5.0,13,1,10.0,0,N,1224:한국술,5596449,946631000002,https://www.shilladfs.com/estore/kr/ko/p/5596449
더 글렌리벳 Caskmakers 700ml,글렌리벳,69.597,30.0,94.05,99.0,5.0,23,0,0.0,0,N,1220:싱글몰트 위스키,5615676,110431000030,https://www.shilladfs.com/estore/kr/ko/p/5615676
레미 마르탱 루이 13세 1500ml,루이13,5785.0,35.0,5785.0,8900.0,35.0,7,0,0.0,6,Y,1213:꼬냑,5070385,085131000017,https://www.shilladfs.com/estore/kr/ko/p/5070385
크루즈 포트 40년 750ml,와인나라,85.05,43.0,135.0,150.0,10.0,30,0,0.0,0,N,1221:와인/샴페인,5592520,274231000023,https://www.shilladfs.com/estore/kr/ko/p/5592520
크루즈 포트 30년 750ml,와인나라,56.7,43.0,90.0,100.0,10.0,23,0,0.0,0,N,1221:와인/샴페인,5591611,274231000022,https://www.shilladfs.com/estore/kr/ko/p/5591611
페랑 10 제너레이션 500ml,와인나라,26.901,45.0,44.1,49.0,10.0,16,0,0.0,0,N,1213:꼬냑,5591616,274231000015,https://www.shilladfs.com/estore/kr/ko/p/5591616
브렌 10YO 700ml,와인나라,68.625,45.0,112.5,125.0,10.0,2,0,0.0,5,Y,1220:싱글몰트 위스키,5591605,274231000010,https://www.shilladfs.com/estore/kr/ko/p/5591605
샤또 퐁테 카네 2015 750ml,샤토 퐁테 카네 ,130.055,30.0,175.75,185.0,5.0,190,0,0.0,0,N,1221:와인/샴페인,5599679,287231000006,https://www.shilladfs.com/estore/kr/ko/p/5599679
베라짜노 키안티 클라시코 2021 750ml,와인나라,19.152,20.0,22.8,24.0,5.0,55,0,0.0,3,Y,1221:와인/샴페인,5593510,115431000155,https://www.shilladfs.com/estore/kr/ko/p/5593510
펜폴즈 빈 389 카베르네 쉬라즈 2022 750ml,펜폴즈,74.61299999999999,37.0,113.05,119.0,5.0,50,0,0.0,0,N,1221:와인/샴페인,5525784,195231000053,https://www.shilladfs.com/estore/kr/ko/p/5525784
프리마크 아비 샤르도네 2022 750ml,와인나라,41.2775,25.0,52.25,55.0,5.0,29,0,0.0,0,N,1221:와인/샴페인,5593518,115431000144,https://www.shilladfs.com/estore/kr/ko/p/5593518
노빌리티 비달 아이스 와인 2019 375ml ,와인나라,15.959999999999999,20.0,19.0,20.0,5.0,30,0,0.0,0,N,1221:와인/샴페인,5593512,115431000138,https://www.shilladfs.com/estore/kr/ko/p/5593512
파이퍼 하이직 로제 소바쥬 브뤼 750ml,와인나라,35.529999999999994,35.0,52.25,55.0,5.0,78,0,0.0,0,N,1221:와인/샴페인,5593497,115431000127,https://www.shilladfs.com/estore/kr/ko/p/5593497
루이 라뚜르 샤블리 2023 750ml,와인나라,27.131999999999998,35.0,39.9,42.0,5.0,125,0,0.0,0,N,1221:와인/샴페인,5593496,115431000126,https://www.shilladfs.com/estore/kr/ko/p/5593496
발베니 클래식 VAP 700ml,발베니,59.59,41.0,59.59,101.0,41.0,174,1,10.0,0,N,1220:싱글몰트 위스키,5516906,112231000039,https://www.shilladfs.com/estore/kr/ko/p/5516906
샴페인 팔머 브뤼 리저브 750ml,와인나라,48.678,20.0,57.95,61.0,5.0,26,0,0.0,0,N,1221:와인/샴페인,5593503,115431000133,https://www.shilladfs.com/estore/kr/ko/p/5593503
와일드무어 30년 트로피칼 코스트 700ml,와일드무어,248.32,36.0,248.32,388.0,36.0,98,0,0.0,6,Y,1211:블렌디드 위스키,5399822,279331000003,https://www.shilladfs.com/estore/kr/ko/p/5399822
와일드무어 40년 블랙 마운틴 700ml,와일드무어,612.0,32.0,612.0,900.0,32.0,76,0,0.0,6,Y,1211:블렌디드 위스키,5582447,279331000001,https://www.shilladfs.com/estore/kr/ko/p/5582447
수정방 웰베이 500ml,수정방,77.691,45.0,133.95,141.0,5.0,315,2,10.0,0,N,1216:중국술,5581554,111331000020,https://www.shilladfs.com/estore/kr/ko/p/5581554
산토리 하쿠 보드카 1000ml,산토리,25.194000000000003,51.0,48.45,51.0,5.0,13,0,0.0,0,N,1226:스피릿,5549143,114131000043,https://www.shilladfs.com/estore/kr/ko/p/5549143
귀주 마오타이 이백 에디션 53% 375ml,까뮤 마오타이,291.5,50.0,291.5,583.0,50.0,33,0,0.0,6,Y,1216:중국술,5575760,114631000009,https://www.shilladfs.com/estore/kr/ko/p/5575760
귀주 마오타이 두보 에디션 53% 375ml,까뮤 마오타이,291.5,50.0,291.5,583.0,50.0,38,0,0.0,6,Y,1216:중국술,5575761,114631000008,https://www.shilladfs.com/estore/kr/ko/p/5575761
봄베이 사파이어 오리지널 GTR 1000ml,봄베이 사파이어,20.9475,40.0,33.25,35.0,5.0,13,0,0.0,6,Y,1226:스피릿,5575519,113131000016,https://www.shilladfs.com/estore/kr/ko/p/5575519
토브렉 런릭 2021 750ml,토브렉,159.23900000000003,45.0,274.55,289.0,5.0,185,0,0.0,0,N,1221:와인/샴페인,5523025,284831000001,https://www.shilladfs.com/estore/kr/ko/p/5523025
펜폴즈 샴페인 뀌베 브뤼 750ml,펜폴즈,54.72,43.0,91.2,96.0,5.0,36,0,0.0,6,Y,1221:와인/샴페인,5525780,195231000049,https://www.shilladfs.com/estore/kr/ko/p/5525780
그레이구스 오리지널 트윈팩 1000ml * 2,그레이 구스,61.047000000000004,40.0,96.9,102.0,5.0,4,0,0.0,0,N,1226:스피릿,5445943,113231000030,https://www.shilladfs.com/estore/kr/ko/p/5445943
그레이구스 오리지널 1000ml,그레이 구스,32.391,45.0,53.1,59.0,10.0,17,0,0.0,6,Y,1226:Spirits,3331542,113231000010,https://www.shilladfs.com/estore/kr/ko/p/3331542
듀어스 25년 750ml,듀어스,154.7595,57.0,303.45,357.0,15.0,125,1,10.0,0,N,1211:블렌디드 위스키,5268253,113531000022,https://www.shilladfs.com/estore/kr/ko/p/5268253
NEW 올트모어 25년 (1st Fill 올로로소 쉐리) 500ml,올트모어,231.46750000000003,48.0,420.85,443.0,5.0,153,2,10.0,0,N,1220:싱글몰트 위스키,5560833,113531000085,https://www.shilladfs.com/estore/kr/ko/p/5560833
파쿤도 PARAISO 700ml,바카디,245.81249999999997,34.0,356.25,375.0,5.0,31,0,0.0,6,Y,1226:스피릿,5560829,113431000041,https://www.shilladfs.com/estore/kr/ko/p/5560829
크라이겔라키 33년 700ml,크라이겔라키,1293.96,59.0,1293.96,3156.0,59.0,7,0,0.0,0,N,1220:싱글몰트 위스키,5560827,113531000036,https://www.shilladfs.com/estore/kr/ko/p/5560827
크라이겔라키 13년 1000ml,크라이겔라키,46.284000000000006,45.0,79.8,84.0,5.0,58,1,10.0,6,Y,1220:싱글몰트 위스키,5560825,113531000021,https://www.shilladfs.com/estore/kr/ko/p/5560825
마티니 로쏘 1000ml,바카디,11.950999999999999,30.0,16.15,17.0,5.0,6,0,0.0,6,Y,1226:스피릿,5560824,113431000019,https://www.shilladfs.com/estore/kr/ko/p/5560824
마티니 프로세코 750ml,바카디,14.06,30.0,19.0,20.0,5.0,3,0,0.0,0,N,1221:와인/샴페인,5560823,113431000018,https://www.shilladfs.com/estore/kr/ko/p/5560823
부르고뉴 마콩 빌라쥐 2020 750ml,비네센코리아,35.77,51.0,35.77,73.0,51.0,35,0,0.0,0,N,1221:와인/샴페인,5552054,272731000031,https://www.shilladfs.com/estore/kr/ko/p/5552054
부르고뉴 피노누아 까브 드 비세 2021 750ml,비네센코리아,33.81,51.0,33.81,69.0,51.0,23,0,0.0,0,N,1221:와인/샴페인,5552053,272731000030,https://www.shilladfs.com/estore/kr/ko/p/5552053
꼬뜨 뒤 론 드링커블 2022 750ml,비네센코리아,35.28,51.0,35.28,72.0,51.0,12,0,0.0,3,Y,1221:와인/샴페인,5552052,272731000028,https://www.shilladfs.com/estore/kr/ko/p/5552052
토카이 에데슈 사모로드니 2021 500ml,비네센코리아,17.15,51.0,17.15,35.0,51.0,49,0,0.0,0,N,1221:와인/샴페인,5552049,272731000035,https://www.shilladfs.com/estore/kr/ko/p/5552049
루아르 뮈스까데 그랑리우 라 삐에르 2021 750ml,비네센코리아,20.58,51.0,20.58,42.0,51.0,8,0,0.0,0,N,1221:와인/샴페인,5552048,272731000034,https://www.shilladfs.com/estore/kr/ko/p/5552048
보르도 프롱삭 샤또 마공도 2018 750ml,비네센코리아,27.93,51.0,27.93,57.0,51.0,24,0,0.0,0,N,1221:와인/샴페인,5552045,272731000029,https://www.shilladfs.com/estore/kr/ko/p/5552045
텔몽 리저브 드 라 떼르 750ml ,텔몽,49.077000000000005,40.0,77.9,82.0,5.0,54,0,0.0,0,N,1221:와인/샴페인,5417941,085131000087,https://www.shilladfs.com/estore/kr/ko/p/5417941
헤네시 마스터 블렌더 셀렉션 500ml,헤네시,,,56.0,70.0,20.0,56,1,10.0,0,N,1213:꼬냑,5550054,086931000109,https://www.shilladfs.com/estore/kr/ko/p/5550054
더 패밀리 캐스크스 2000_S24 700ml,글렌파클라스,461.2439999999999,35.0,678.3,714.0,5.0,95,0,0.0,0,N,1220:싱글몰트 위스키,5548857,265931000015,https://www.shilladfs.com/estore/kr/ko/p/5548857
더 패밀리 캐스크스 2006_S24 700ml,글렌파클라스,288.116,35.0,423.7,446.0,5.0,139,0,0.0,0,N,1220:싱글몰트 위스키,5548855,265931000012,https://www.shilladfs.com/estore/kr/ko/p/5548855
글렌피딕 XX 700ml ,글렌피딕,50.6,45.0,50.6,92.0,45.0,133,0,0.0,0,N,1220:싱글몰트 위스키,5544313,082331000030,https://www.shilladfs.com/estore/kr/ko/p/5544313
후공방 8년 500ml,후공방,68.8275,40.0,109.25,115.0,5.0,13,1,10.0,0,N,1216:중국술,5543721,067631000067,https://www.shilladfs.com/estore/kr/ko/p/5543721
후공방 fulu 500ml,후공방,44.8875,40.0,71.25,75.0,5.0,9,1,10.0,0,N,1216:중국술,5543720,067631000066,https://www.shilladfs.com/estore/kr/ko/p/5543720
올트모어 19년 CS 한정판 (토니포트) 700ml,올트모어,198.36,45.0,342.0,360.0,5.0,159,0,0.0,0,N,1220:싱글몰트 위스키,5541881,113531000079,https://www.shilladfs.com/estore/kr/ko/p/5541881
바카디 파쿤도 Neo 700ml,바카디,31.5,55.0,31.5,70.0,55.0,5,0,0.0,6,Y,1226:스피릿,5541879,113431000043,https://www.shilladfs.com/estore/kr/ko/p/5541879
바카디 파쿤도 Eximo 700ml,바카디,84.36,30.0,114.0,120.0,5.0,8,1,10.0,3,Y,1226:스피릿,5541878,113431000040,https://www.shilladfs.com/estore/kr/ko/p/5541878
베네딕튼 돔 1000ml,바카디,24.2,56.0,24.2,55.0,56.0,41,0,0.0,6,Y,1226:스피릿,5541877,113431000039,https://www.shilladfs.com/estore/kr/ko/p/5541877
바카디 8년 라이 캐스크 1000ml,바카디,26.55,55.0,26.55,59.0,55.0,9,0,0.0,6,Y,1226:스피릿,5541875,113431000038,https://www.shilladfs.com/estore/kr/ko/p/5541875
글렌알라키 싱글캐스크 2012 11년 OLO  HHD 700ML,글렌알라키,132.84,35.0,184.5,205.0,10.0,470,2,10.0,0,N,1220:싱글몰트 위스키,5536821,265631000014,https://www.shilladfs.com/estore/kr/ko/p/5536821
맥캘란 레어 캐스크 블랙 700ml,맥캘란,548.15,5.0,548.15,577.0,5.0,139,0,0.0,0,N,1220:싱글몰트 위스키,5145168,081831000023,https://www.shilladfs.com/estore/kr/ko/p/5145168
맥캘란 하모니 컬렉션 700ml,맥캘란,175.75,5.0,175.75,185.0,5.0,122,1,10.0,0,N,1220:싱글몰트 위스키,5532321,081831000063,https://www.shilladfs.com/estore/kr/ko/p/5532321
비네센 크뤼 부르주아-샤또 말에스까스 2020 750ml,비네센코리아,51.45,51.0,51.45,105.0,51.0,12,0,0.0,0,N,1221:와인/샴페인,5430802,272731000012,https://www.shilladfs.com/estore/kr/ko/p/5430802
비네센 타우니 10년 퀸타다코트 750ml,비네센코리아,60.27,51.0,60.27,123.0,51.0,7,0,0.0,1,Y,1221:와인/샴페인,5430800,272731000020,https://www.shilladfs.com/estore/kr/ko/p/5430800
달모어 포트폴리오 시리즈 2015년 700ml,달모어,,,593.75,625.0,5.0,44,0,0.0,0,N,1220:싱글몰트 위스키,5524985,114431000112,https://www.shilladfs.com/estore/kr/ko/p/5524985
비네센 키안티 클래시코 리제르바 2017 750ml,비네센코리아,36.26,51.0,36.26,74.0,51.0,12,0,0.0,0,N,1221:와인/샴페인,5430807,272731000019,https://www.shilladfs.com/estore/kr/ko/p/5430807
에스폴론 블랑코 750ml,캄파리,19.32,58.0,19.32,46.0,58.0,15,0,0.0,6,Y,1226:스피릿,5528573,256731000006,https://www.shilladfs.com/estore/kr/ko/p/5528573
랑주 홍화랑 10년 500ml,랑주,32.318999999999996,40.0,51.3,54.0,5.0,40,0,0.0,6,Y,1216:중국술,5526754,067631000063,https://www.shilladfs.com/estore/kr/ko/p/5526754
보모어 34년 프랭크 콰이어틀리 4 700ml,보모어,,,2090.0,3800.0,45.0,3,0,0.0,1,Y,1220:싱글몰트 위스키,5489103,114231000049,https://www.shilladfs.com/estore/kr/ko/p/5489103
빌까르살몽 블랑 드 블랑 그랑 크뤼 750ml,빌까르 살몽,80.74999999999999,35.0,118.75,125.0,5.0,168,0,0.0,0,N,1221:와인/샴페인,5517692,268331000048,https://www.shilladfs.com/estore/kr/ko/p/5517692
빌까르살몽 블랑 드 블랑 루이살몽 12 750ml,빌까르 살몽,155.68599999999998,35.0,228.95,241.0,5.0,85,0,0.0,0,N,1221:와인/샴페인,5517696,268331000049,https://www.shilladfs.com/estore/kr/ko/p/5517696
빌까르살몽 브뤼 리저브 750ml,빌까르 살몽,50.38799999999999,35.0,74.1,78.0,5.0,91,0,0.0,0,N,1221:와인/샴페인,5517698,268331000052,https://www.shilladfs.com/estore/kr/ko/p/5517698
빌까르살몽 브뤼 로제 750ml,빌까르 살몽,78.812,35.0,115.9,122.0,5.0,89,0,0.0,0,N,1221:와인/샴페인,5517699,268331000053,https://www.shilladfs.com/estore/kr/ko/p/5517699
빌까르살몽 브뤼 수 부아 750m,빌까르 살몽,78.812,35.0,115.9,122.0,5.0,48,0,0.0,0,N,1221:와인/샴페인,5517694,268331000054,https://www.shilladfs.com/estore/kr/ko/p/5517694
빌까르살몽 엑스트라 브뤼 빈티지 16 750ml,빌까르 살몽,84.62599999999999,35.0,124.45,131.0,5.0,74,0,0.0,0,N,1221:와인/샴페인,5517701,268331000057,https://www.shilladfs.com/estore/kr/ko/p/5517701
프라팡 1270 350ml,프라팡,28.423999999999996,35.0,41.8,44.0,5.0,18,0,0.0,6,Y,1213:꼬냑,5515187,268331000039,https://www.shilladfs.com/estore/kr/ko/p/5515187
프라팡 1990 30년 700ml,프라팡,175.06599999999997,35.0,257.45,271.0,5.0,119,0,0.0,0,N,1213:꼬냑,5515183,268331000042,https://www.shilladfs.com/estore/kr/ko/p/5515183
프라팡 샤또 퐁피뇨 XO 100주년 700ml,프라팡,152.456,35.0,224.2,236.0,5.0,51,0,0.0,0,N,1213:꼬냑,5515190,268331000046,https://www.shilladfs.com/estore/kr/ko/p/5515190
패터캐른 40년 700ml,패터캐른,3816.0,20.0,3816.0,4770.0,20.0,11,0,0.0,0,N,1220:싱글몰트 위스키,5219289,114431000089,https://www.shilladfs.com/estore/kr/ko/p/5219289
오켄토션 18년 700ml,오켄토션,52.92,50.0,94.5,105.0,10.0,50,0,0.0,0,N,1220:싱글몰트 위스키,5489104,114231000050,https://www.shilladfs.com/estore/kr/ko/p/5489104
더바이스 더 밀레니얼 레드 750ml,신세계 L&B,34.19050000000001,44.0,57.95,61.0,5.0,5,0,0.0,1,Y,1221:와인/샴페인,5509420,115331000197,https://www.shilladfs.com/estore/kr/ko/p/5509420
더바이스 오크 놀 디스트릭트 까베르네 소비뇽 2019 750ml,신세계 L&B,63.33650000000001,44.0,107.35,113.0,5.0,9,0,0.0,0,N,1221:와인/샴페인,5509117,115331000198,https://www.shilladfs.com/estore/kr/ko/p/5509117
케이머스 스페셜 셀렉션 카버네 소비뇽2019 750ml,케이머스,145.35,35.0,213.75,225.0,5.0,252,0,0.0,0,N,1221:와인/샴페인,5434540,268331000021,https://www.shilladfs.com/estore/kr/ko/p/5434540
클라세 아줄 테킬라 플라타 750ml,클라세 아줄,120.213,30.0,162.45,171.0,5.0,227,2,10.0,0,N,1226:스피릿,5501844,282931000001,https://www.shilladfs.com/estore/kr/ko/p/5501844
사득주 신화세트 500ml*2,사득주,74.8125,40.0,118.75,125.0,5.0,13,0,0.0,0,N,1216:중국술,5506825,067631000056,https://www.shilladfs.com/estore/kr/ko/p/5506825
사득주 신화세트 추천자 500ml*2,사득주,74.8125,40.0,118.75,125.0,5.0,14,0,0.0,0,N,1216:중국술,5506829,067631000061,https://www.shilladfs.com/estore/kr/ko/p/5506829
보 주아 슈가킹 데미섹 샴페인 750ml,보 주아,68.39999999999999,43.0,114.0,120.0,5.0,69,0,0.0,6,Y,1221:와인/샴페인,5503695,280531000004,https://www.shilladfs.com/estore/kr/ko/p/5503695
보 주아 브뤼 로제 샴페인 750ml,보 주아,67.5,50.0,67.5,135.0,50.0,56,0,0.0,6,Y,1221:와인/샴페인,5503694,280531000003,https://www.shilladfs.com/estore/kr/ko/p/5503694
할란 이스테이트 2020 375ml,할란,899.0,38.0,899.0,1450.0,38.0,121,0,0.0,6,Y,1221:와인/샴페인,5498800,268331000038,https://www.shilladfs.com/estore/kr/ko/p/5498800
소주 두배주 260ml*2,양허,101.1465,40.0,160.55,169.0,5.0,11,0,0.0,0,N,1216:중국술,5506828,067631000058,https://www.shilladfs.com/estore/kr/ko/p/5506828
달모어 40년 2024년 에디션 700ml,달모어,,,14440.0,15200.0,5.0,16,0,0.0,4,Y,1220:싱글몰트 위스키,5358027,114431000102,https://www.shilladfs.com/estore/kr/ko/p/5358027
달모어 컨스텔레이션 1991 캐스크 27 700ml,달모어,,,5633.5,5930.0,5.0,12,0,0.0,1,Y,1220:싱글몰트 위스키,5360845,114431000105,https://www.shilladfs.com/estore/kr/ko/p/5360845
연태구냥 백년노장 500ml,연태구냥,74.67,43.0,124.45,131.0,5.0,43,0,0.0,0,N,1216:중국술,5430957,251331000004,https://www.shilladfs.com/estore/kr/ko/p/5430957
달모어 20년 700ml,달모어,,,641.25,675.0,5.0,253,1,10.0,0,N,1220:싱글몰트 위스키,5358025,114431000101,https://www.shilladfs.com/estore/kr/ko/p/5358025
까베르네 소비뇽 750ml,조셉펠프스,,,96.9,102.0,5.0,225,0,0.0,6,Y,1221:와인/샴페인,5490111,108931000089,https://www.shilladfs.com/estore/kr/ko/p/5490111
안티갈 원 말벡 도나 앙헬레스 싱글 빈야드 2019 750ml,안티갈,70.49000000000001,50.0,133.0,140.0,5.0,21,0,0.0,0,N,1221:와인/샴페인,5456067,281431000001,https://www.shilladfs.com/estore/kr/ko/p/5456067
안티갈 원 말벡 라 돌로레스 싱글 빈야드 2019 750ml,안티갈,71.82000000000001,49.0,133.0,140.0,5.0,13,0,0.0,0,N,1221:와인/샴페인,5456065,281431000004,https://www.shilladfs.com/estore/kr/ko/p/5456065
안티갈 우노 플래티넘 에디션 말벡 2020 750ml,안티갈,20.900000000000002,48.0,38.0,40.0,5.0,15,0,0.0,0,N,1221:와인/샴페인,5456069,281431000005,https://www.shilladfs.com/estore/kr/ko/p/5456069
에버펠디 12년 마데이라 캐스크 700ml,에버펠디,33.231,50.0,62.7,66.0,5.0,125,0,0.0,0,N,1220:싱글몰트 위스키,5490012,113531000083,https://www.shilladfs.com/estore/kr/ko/p/5490012
폴 홉스 카베르네 소비뇽 나파 밸리 2019 750ml,에노테카,170.4,29.0,170.4,240.0,29.0,39,0,0.0,6,Y,1221:와인/샴페인,5490445,126931000041,https://www.shilladfs.com/estore/kr/ko/p/5490445
봄베이 사파이어 오리지널 1000ml,봄베이 사파이어,15.68,55.0,24.5,35.0,30.0,74,1,10.0,0,N,1226:스피릿,5070737,113131000001,https://www.shilladfs.com/estore/kr/ko/p/5070737
봄베이 사파이어 프리미어 크루 1000ml,봄베이 사파이어,32.9175,40.0,52.25,55.0,5.0,7,0,0.0,4,Y,1226:스피릿,5488997,113131000015,https://www.shilladfs.com/estore/kr/ko/p/5488997
바카디 Gold 1000ml,바카디,11.75,53.0,11.75,25.0,53.0,17,0,0.0,6,Y,1226:스피릿,5070835,113431000001,https://www.shilladfs.com/estore/kr/ko/p/5070835
싱글톤 가든스 오브 어번던스 - 이그저틱 스파이스 그로브 1000ml,싱글톤,82.8,54.0,82.8,180.0,54.0,49,0,0.0,6,Y,1220:싱글몰트 위스키,5478785,111231000046,https://www.shilladfs.com/estore/kr/ko/p/5478785
케이머스 나파 밸리 카버네 소비뇽 2022 750ml,케이머스,71.05999999999999,35.0,104.5,110.0,5.0,1631,13,9.84615385,0,N,1221:와인/샴페인,5442506,268331000035,https://www.shilladfs.com/estore/kr/ko/p/5442506
클라우디 베이 피노 누아 750ml,클라우디 베이,,,42.7,61.0,30.0,67,0,0.0,6,Y,1221:와인/샴페인,5070595,108931000009,https://www.shilladfs.com/estore/kr/ko/p/5070595
샤보 30년 750ml,샤보,226.57500000000002,50.0,427.5,450.0,5.0,173,1,10.0,0,N,1227:기타 주류,5130575,109131000031,https://www.shilladfs.com/estore/kr/ko/p/5130575
듀어스 더블더블 21년 스톤 토스티드 1.5L (아메리칸 오크 & 프렌치 오크),듀어스,198.55,48.0,361.0,380.0,5.0,145,0,0.0,0,N,1211:블렌디드 위스키,5460670,113531000082,https://www.shilladfs.com/estore/kr/ko/p/5460670
달모어 28년 700ml,달모어,,,4322.5,4550.0,5.0,28,0,0.0,5,Y,1220:싱글몰트 위스키,5464818,114431000093,https://www.shilladfs.com/estore/kr/ko/p/5464818
올트모어 21년 (COLHEITA)700ml,올트모어,275.50000000000006,45.0,475.0,500.0,5.0,126,1,10.0,0,N,1220:싱글몰트 위스키,5460669,113531000069,https://www.shilladfs.com/estore/kr/ko/p/5460669
달모어 루미너리 No.2 700ml,달모어,,,332.5,350.0,5.0,142,2,10.0,0,N,1220:싱글몰트 위스키,5462755,114431000094,https://www.shilladfs.com/estore/kr/ko/p/5462755
주라 IE 3 1000ml,주라,30.705,56.0,61.41,69.0,11.0,23,1,10.0,6,Y,1220:싱글몰트 위스키,5462592,114431000095,https://www.shilladfs.com/estore/kr/ko/p/5462592
노르데스 진 700ml,노르데스,27.929999999999996,43.0,46.55,49.0,5.0,47,0,0.0,0,N,1226:스피릿,5347470,274931000001,https://www.shilladfs.com/estore/kr/ko/p/5347470
 펜폴즈 알더블유티 시라즈 2021 750ml,펜폴즈,123.69,41.0,199.5,210.0,5.0,29,0,0.0,0,N,1221:와인/샴페인,5388347,195231000040,https://www.shilladfs.com/estore/kr/ko/p/5388347
펜폴즈 생헨리 시라즈 빈티지 2020 750ml,펜폴즈,73.625,41.0,118.75,125.0,5.0,73,0,0.0,0,N,1221:와인/샴페인,5388346,195231000039,https://www.shilladfs.com/estore/kr/ko/p/5388346
펜폴즈 빈 389 시라즈 까베르네 빈티지 2021 750ml,펜폴즈,66.6995,44.0,113.05,119.0,5.0,54,0,0.0,0,N,1221:와인/샴페인,5388343,195231000036,https://www.shilladfs.com/estore/kr/ko/p/5388343
펜폴즈 빈 128 시라즈 까베르네 빈티지 2021 750ml,펜폴즈,37.3635,46.0,65.55,69.0,5.0,29,0,0.0,0,N,1221:와인/샴페인,5388341,195231000034,https://www.shilladfs.com/estore/kr/ko/p/5388341
패터캐른 25년 700ml,패터캐른,349.3,30.0,349.3,499.0,30.0,44,0,0.0,6,Y,1220:싱글몰트 위스키,5401203,114431000109,https://www.shilladfs.com/estore/kr/ko/p/5401203
패터캐른 14년 700ml,패터캐른,41.5,50.0,41.5,83.0,50.0,38,0,0.0,6,Y,1220:싱글몰트 위스키,5401202,114431000107,https://www.shilladfs.com/estore/kr/ko/p/5401202
카이요 Japanese Mizunara Signature 700ml,카이요 위스키,54.05,53.0,54.05,115.0,53.0,54,0,0.0,6,Y,1220:싱글몰트 위스키,5437282,276631000004,https://www.shilladfs.com/estore/kr/ko/p/5437282
그랑 마르니에 QUINTESSENCE 700ml,그랑 마르니에,1908.0,47.0,1908.0,3600.0,47.0,30,0,0.0,4,Y,1213:꼬냑,5371733,256731000005,https://www.shilladfs.com/estore/kr/ko/p/5371733
샤또 데스끌랑 락 엔젤 750ml,샤또 데스끌랑,,,25.85,47.0,45.0,18,0,0.0,6,Y,1221:와인/샴페인,5454442,108931000080,https://www.shilladfs.com/estore/kr/ko/p/5454442
알베르비쇼 샹볼 뮈지니 프리미에크뤼 레 샤비오 2021 750ml ,알베르 비쇼,143.26000000000002,45.0,247.0,260.0,5.0,71,0,0.0,0,N,1221:와인/샴페인,5349453,117531000013,https://www.shilladfs.com/estore/kr/ko/p/5349453
알베르비쇼 뉘 생 조르쥬 프리미에크뤼  샤또 그리 모노폴 2018  750ml,알베르 비쇼,88.16000000000001,45.0,152.0,160.0,5.0,64,0,0.0,0,N,1221:와인/샴페인,5349455,117531000014,https://www.shilladfs.com/estore/kr/ko/p/5349455
알베르비쇼 마콩 밀리 라마르틴느 2021 750ml,알베르 비쇼,20.938000000000002,45.0,36.1,38.0,5.0,31,0,0.0,0,N,1221:와인/샴페인,5349456,117531000015,https://www.shilladfs.com/estore/kr/ko/p/5349456
알베르비쇼 시크레 드 파밀리아 2021 750ml,알베르 비쇼,26.448000000000004,45.0,45.6,48.0,5.0,16,0,0.0,0,N,1221:와인/샴페인,5376926,117531000018,https://www.shilladfs.com/estore/kr/ko/p/5376926
글렌파클라스 30년 700ml,글렌파클라스,541.68,39.0,541.68,888.0,39.0,142,1,10.0,0,N,1220:싱글몰트 위스키,5345871,265931000009,https://www.shilladfs.com/estore/kr/ko/p/5345871
메종넘버나인로제 750ml,와인나라,21.317999999999998,35.0,31.35,33.0,5.0,11,0,0.0,0,N,1221:와인/샴페인,5433977,115431000122,https://www.shilladfs.com/estore/kr/ko/p/5433977
바카디 캐리비안 스파이스 1000ml,바카디,15.04,53.0,15.04,32.0,53.0,11,0,0.0,6,Y,1226:스피릿,5445577,113431000044,https://www.shilladfs.com/estore/kr/ko/p/5445577
세일러 제리 1000ml,발베니,17.05,45.0,17.05,31.0,45.0,34,0,0.0,6,Y,1226:스피릿,5188630,112231000033,https://www.shilladfs.com/estore/kr/ko/p/5188630
덕혼 나파 밸리 카버네 소비뇽 2021 750ml,덕혼,59.431999999999995,35.0,87.4,92.0,5.0,271,1,10.0,0,N,1221:와인/샴페인,5442467,268331000031,https://www.shilladfs.com/estore/kr/ko/p/5442467
몰트락 SR FY24 700ml (2023 Special Release),몰트락,210.9,30.0,285.0,300.0,5.0,69,0,0.0,6,Y,1220:싱글몰트 위스키,5420938,111231000042,https://www.shilladfs.com/estore/kr/ko/p/5420938
로즈아일 12년 SR FY24 700ml (2023 Special Release),탈리스커,100.8,30.0,100.8,144.0,30.0,84,0,0.0,0,N,1220:싱글몰트 위스키,5420685,111131000032,https://www.shilladfs.com/estore/kr/ko/p/5420685
파 니엔테 나파 밸리 카버네 소비뇽 2021 750ml,파 니엔테,142.11999999999998,35.0,209.0,220.0,5.0,390,0,0.0,0,N,1221:와인/샴페인,5434539,268331000022,https://www.shilladfs.com/estore/kr/ko/p/5434539
마셀 드 샹제 사비니 레 본 쑤 라 까보뜨 2019 750ml,마셀 드 샹제,31.008,35.0,45.6,48.0,5.0,17,0,0.0,0,N,1221:와인/샴페인,5434846,268331000030,https://www.shilladfs.com/estore/kr/ko/p/5434846
부샤 끌로 생 랑드히 1등급 2019 750ml,부샤,81.396,35.0,119.7,126.0,5.0,41,0,0.0,0,N,1221:와인/샴페인,5434844,268331000026,https://www.shilladfs.com/estore/kr/ko/p/5434844
부샤 끌로 드 라 무스 1등급 2018 750ml,부샤,67.83,35.0,99.75,105.0,5.0,67,0,0.0,0,N,1221:와인/샴페인,5434841,268331000025,https://www.shilladfs.com/estore/kr/ko/p/5434841
부샤 샹볼 뮤지니 2017 750ml,부샤,60.07799999999999,35.0,88.35,93.0,5.0,91,0,0.0,0,N,1221:와인/샴페인,5434840,268331000024,https://www.shilladfs.com/estore/kr/ko/p/5434840
올트모어 25년 700ml,올트모어,354.68250000000006,46.0,622.25,655.0,5.0,231,0,0.0,0,N,1220:싱글몰트 위스키,5417209,113531000037,https://www.shilladfs.com/estore/kr/ko/p/5417209
턴테이블 스모킨 리프 700ml,턴테이블,49.068000000000005,48.0,84.6,94.0,10.0,8,0,0.0,6,Y,1211:블렌디드 위스키,5408660,280431000002,https://www.shilladfs.com/estore/kr/ko/p/5408660
턴테이블 비터스윗 심포니 700ml,턴테이블,49.068000000000005,48.0,84.6,94.0,10.0,6,0,0.0,6,Y,1211:블렌디드 위스키,5408661,280431000001,https://www.shilladfs.com/estore/kr/ko/p/5408661
미클토어 오리지널 700ml,미클토어,42.32,54.0,42.32,92.0,54.0,17,0,0.0,6,Y,1220:싱글몰트 위스키,5418558,275831000003,https://www.shilladfs.com/estore/kr/ko/p/5418558
도넘 카네로스 샤도네이 2021 750ml,신세계 L&B,76.07600000000001,47.0,135.85,143.0,5.0,18,0,0.0,0,N,1221:와인/샴페인,5415668,115331000194,https://www.shilladfs.com/estore/kr/ko/p/5415668
헤네시 파라디 700ml,헤네시,,,1169.1,1299.0,10.0,89,0,0.0,6,Y,1213:꼬냑,5410480,086931000104,https://www.shilladfs.com/estore/kr/ko/p/5410480
헤네시 XXO 1000ml,헤네시,,,508.5,565.0,10.0,497,0,0.0,6,Y,1213:꼬냑,3374486,086931000054,https://www.shilladfs.com/estore/kr/ko/p/3374486
헤네시 VSOP 3000ml,헤네시,,,236.25,315.0,25.0,17,0,0.0,0,N,1213:꼬냑,5069986,086931000037,https://www.shilladfs.com/estore/kr/ko/p/5069986
헤네시 VS 1000ml,헤네시,,,48.0,64.0,25.0,91,0,0.0,0,N,1213:Cognac,320769,086931000001,https://www.shilladfs.com/estore/kr/ko/p/320769
루이 로드레 크리스탈 2015 750ml,루이 로드레 크리스탈,340.784,28.0,448.4,472.0,5.0,330,2,10.0,0,N,1221:와인/샴페인,5355902,252231000012,https://www.shilladfs.com/estore/kr/ko/p/5355902
턴테이블 파라다이스 펑크 700ml,턴테이블,49.068000000000005,48.0,84.6,94.0,10.0,5,0,0.0,6,Y,1211:블렌디드 위스키,5408662,280431000003,https://www.shilladfs.com/estore/kr/ko/p/5408662
까뮤 XO 프레스티지 700ml,까뮤,119.39399999999998,40.0,178.2,198.0,10.0,302,0,0.0,0,N,1213:꼬냑,5406244,070031000044,https://www.shilladfs.com/estore/kr/ko/p/5406244
퍼컬렌 21년 700ml,퍼컬렌,133.4275,50.0,251.75,265.0,5.0,147,1,10.0,0,N,1220:싱글몰트 위스키,5304440,249031000040,https://www.shilladfs.com/estore/kr/ko/p/5304440
헤네시 파라디 350ml,헤네시,,,674.5,710.0,5.0,115,1,10.0,4,Y,1213:꼬냑,5400425,086931000108,https://www.shilladfs.com/estore/kr/ko/p/5400425
Silent Pool Gin 1L,발베니,33.0,45.0,33.0,60.0,45.0,35,0,0.0,6,Y,1226:스피릿,5399823,112231000035,https://www.shilladfs.com/estore/kr/ko/p/5399823
니오 Cosmopolitan 100ml,니오,4.5315,50.0,8.55,9.0,5.0,17,0,0.0,0,N,1227:기타 주류,5334458,270031000001,https://www.shilladfs.com/estore/kr/ko/p/5334458
니오 Magarita 100ml,니오,4.5315,50.0,8.55,9.0,5.0,13,1,10.0,0,N,1227:기타 주류,5334462,270031000002,https://www.shilladfs.com/estore/kr/ko/p/5334462
니오 Gimlet 100ml,니오,4.5315,50.0,8.55,9.0,5.0,11,0,0.0,0,N,1227:기타 주류,5334463,270031000003,https://www.shilladfs.com/estore/kr/ko/p/5334463
니오 Expresso Martini 100ml,니오,4.5315,50.0,8.55,9.0,5.0,11,0,0.0,0,N,1227:기타 주류,5334464,270031000005,https://www.shilladfs.com/estore/kr/ko/p/5334464
니오 Manhattan 100ml,니오,3.6,60.0,3.6,9.0,60.0,17,0,0.0,0,N,1227:기타 주류,5334465,270031000006,https://www.shilladfs.com/estore/kr/ko/p/5334465
니오 Negroni 100ml,니오,4.5315,50.0,8.55,9.0,5.0,9,0,0.0,0,N,1227:기타 주류,5334467,270031000008,https://www.shilladfs.com/estore/kr/ko/p/5334467
니오 Old Fashioned 100ml,니오,4.5315,50.0,8.55,9.0,5.0,21,2,10.0,0,N,1227:기타 주류,5334460,270031000009,https://www.shilladfs.com/estore/kr/ko/p/5334460
엘리먼츠오브아일라 쉐리캐스크 700ml,엘리먼츠 오브 아일라,54.620999999999995,54.0,107.1,119.0,10.0,40,0,0.0,0,N,1211:블렌디드 위스키,5372479,276331000004,https://www.shilladfs.com/estore/kr/ko/p/5372479
엘리먼츠오브아일라 캐스크에디션 700ml,엘리먼츠 오브 아일라,36.260999999999996,54.0,71.1,79.0,10.0,17,0,0.0,6,Y,1211:블렌디드 위스키,5372477,276331000003,https://www.shilladfs.com/estore/kr/ko/p/5372477
엘리먼츠오브아일라 버번캐스크 700ml,엘리먼츠 오브 아일라,49.05,55.0,49.05,109.0,55.0,17,0,0.0,6,Y,1211:블렌디드 위스키,5372478,276331000002,https://www.shilladfs.com/estore/kr/ko/p/5372478
엘리먼츠오브아일라 아이러브아일라 500ml,엘리먼츠 오브 아일라,28.91,51.0,28.91,59.0,51.0,19,0,0.0,6,Y,1211:블렌디드 위스키,5372476,276331000001,https://www.shilladfs.com/estore/kr/ko/p/5372476
스토크클럽 스트레이트 라이 700ml,스토크 클럽,28.710000000000004,51.0,52.2,58.0,10.0,2,0,0.0,6,Y,1227:기타 주류,5372303,276231000002,https://www.shilladfs.com/estore/kr/ko/p/5372303
스토크클럽 라이몰트 700ml,스토크 클럽,45.0,55.0,45.0,100.0,55.0,4,0,0.0,6,Y,1227:기타 주류,5372302,276231000001,https://www.shilladfs.com/estore/kr/ko/p/5372302
아케시 하쿠로 700ml,아케시,287.84999999999997,43.0,479.75,505.0,5.0,145,0,0.0,0,N,1220:싱글몰트 위스키,5372473,276131000003,https://www.shilladfs.com/estore/kr/ko/p/5372473
아케시 쇼만 700ml,아케시,192.08999999999997,43.0,320.15,337.0,5.0,102,1,10.0,6,Y,1211:블렌디드 위스키,5372475,276131000002,https://www.shilladfs.com/estore/kr/ko/p/5372475
아케시 케이칫수 700ml,아케시,249.97500000000002,51.0,454.5,505.0,10.0,153,0,0.0,1,Y,1220:싱글몰트 위스키,5372474,276131000001,https://www.shilladfs.com/estore/kr/ko/p/5372474
화이트헤더 21년 700ml,화이트헤더,131.216,53.0,222.4,278.0,20.0,55,0,0.0,0,N,1211:블렌디드 위스키,5372581,276031000002,https://www.shilladfs.com/estore/kr/ko/p/5372581
화이트헤더 15년 700ml,화이트헤더,57.96,54.0,57.96,126.0,54.0,30,0,0.0,6,Y,1211:블렌디드 위스키,5372580,276031000001,https://www.shilladfs.com/estore/kr/ko/p/5372580
맥네어스 자메이카 럼 언피티드 700ml,맥네어스,44.856,50.0,80.1,89.0,10.0,5,0,0.0,6,Y,1226:스피릿,5372301,275931000004,https://www.shilladfs.com/estore/kr/ko/p/5372301
맥네어스 자메이카 럼 피티드 700ml,맥네어스,50.400000000000006,50.0,90.0,100.0,10.0,10,0,0.0,6,Y,1226:스피릿,5372300,275931000003,https://www.shilladfs.com/estore/kr/ko/p/5372300
맥네어스 럼릭 12년 700ml,맥네어스,52.470000000000006,51.0,95.4,106.0,10.0,16,0,0.0,6,Y,1211:블렌디드 위스키,5372298,275931000001,https://www.shilladfs.com/estore/kr/ko/p/5372298
미클토어 친커핀 700ml,미클토어,47.32,48.0,47.32,91.0,48.0,19,0,0.0,6,Y,1220:싱글몰트 위스키,5372472,275831000001,https://www.shilladfs.com/estore/kr/ko/p/5372472
딕타도르 12년 700ml,딕타도르,40.05,55.0,40.05,89.0,55.0,8,0,0.0,6,Y,1226:스피릿,5372296,275731000001,https://www.shilladfs.com/estore/kr/ko/p/5372296
도넘 카네로스 피노누아 2021 750ml,신세계 L&B,86.7,49.0,86.7,170.0,49.0,57,0,0.0,6,Y,1221:와인/샴페인,5396338,115331000191,https://www.shilladfs.com/estore/kr/ko/p/5396338
토마틴 21년 700ml,토마틴,128.51999999999998,46.0,214.2,238.0,10.0,269,2,10.0,0,N,1220:싱글몰트 위스키,5310055,270131000002,https://www.shilladfs.com/estore/kr/ko/p/5310055
히노토리 ETSU GIN 파시픽 오션 700ml,히노토리,31.39,57.0,31.39,73.0,57.0,12,0,0.0,1,Y,1226:스피릿,5392957,273831000003,https://www.shilladfs.com/estore/kr/ko/p/5392957
히노토리 ETSU GIN 더블 오렌지 700ml,히노토리,30.66,58.0,30.66,73.0,58.0,14,0,0.0,6,Y,1226:스피릿,5392581,273831000004,https://www.shilladfs.com/estore/kr/ko/p/5392581
히노토리 골드오락(그랜다이저) 골드 위스키 700ml,히노토리,44.1,58.0,44.1,105.0,58.0,35,0,0.0,6,Y,1211:블렌디드 위스키,5392958,273831000005,https://www.shilladfs.com/estore/kr/ko/p/5392958
글렌카담 10년 700ml,글렌카담,37.107,40.0,58.9,62.0,5.0,43,0,0.0,0,N,1220:싱글몰트 위스키,5358799,276531000001,https://www.shilladfs.com/estore/kr/ko/p/5358799
글렌카담 13년 700ml,글렌카담,56.8575,40.0,90.25,95.0,5.0,45,0,0.0,0,N,1220:싱글몰트 위스키,5358800,276531000002,https://www.shilladfs.com/estore/kr/ko/p/5358800
글렌카담 아메리칸 오크 리저브 700ml,글렌카담,26.9325,40.0,42.75,45.0,5.0,17,0,0.0,0,N,1220:싱글몰트 위스키,5358802,276531000005,https://www.shilladfs.com/estore/kr/ko/p/5358802
씨앤씨 뀌베 캐스크 750ml,씨앤씨,70.0,44.0,87.5,125.0,30.0,10,0,0.0,6,Y,1220:싱글몰트 위스키,5359024,276831000001,https://www.shilladfs.com/estore/kr/ko/p/5359024
씨앤씨 버지니아 하이랜드 위스키 포트 캐스크 피니시 750ml,씨앤씨,34.78,53.0,34.78,74.0,53.0,15,0,0.0,5,Y,1220:싱글몰트 위스키,5359021,276831000002,https://www.shilladfs.com/estore/kr/ko/p/5359021
씨앤씨 아메리칸 싱글 몰트 750ml,씨앤씨,55.44,44.0,69.3,99.0,30.0,2,0,0.0,6,Y,1220:싱글몰트 위스키,5359022,276831000003,https://www.shilladfs.com/estore/kr/ko/p/5359022
씨앤씨 버번 캐스크 750ml,씨앤씨,52.64,53.0,52.64,112.0,53.0,5,0,0.0,6,Y,1220:싱글몰트 위스키,5359025,276831000004,https://www.shilladfs.com/estore/kr/ko/p/5359025
씨앤씨 쉐리 캐스크 750ml,씨앤씨,62.720000000000006,44.0,78.4,112.0,30.0,8,0,0.0,6,Y,1220:싱글몰트 위스키,5359023,276831000005,https://www.shilladfs.com/estore/kr/ko/p/5359023
인드리 700ml,인드리,27.5,50.0,27.5,55.0,50.0,25,0,0.0,0,N,1220:싱글몰트 위스키,5360892,276731000001,https://www.shilladfs.com/estore/kr/ko/p/5360892
교토위스키 아카 오비 700ml,교토 위스키,34.65,51.0,35.0,70.0,50.0,46,0,0.0,0,N,1211:블렌디드 위스키,5358989,276631000001,https://www.shilladfs.com/estore/kr/ko/p/5358989
니콜라스 푸이야트 리저브 익스클루시브 프리미어 크루 엑스트라 브뤼 750ml,니콜라스 푸이야트,52.25000000000001,48.0,95.0,100.0,5.0,83,0,0.0,0,N,1221:와인/샴페인,5340624,273531000004,https://www.shilladfs.com/estore/kr/ko/p/5340624
니콜라스 푸이야트 팔메도르 브뤼 2009 750ml,니콜라스 푸이야트,146.01500000000001,45.0,251.75,265.0,5.0,92,1,10.0,0,N,1221:와인/샴페인,5340628,273531000003,https://www.shilladfs.com/estore/kr/ko/p/5340628
사가모어 Double Oak Whiskey 750ml,사가모어,38.25,55.0,38.25,85.0,55.0,69,0,0.0,6,Y,1211:블렌디드 위스키,5285451,270431000002,https://www.shilladfs.com/estore/kr/ko/p/5285451
사가모어 Rye Whiskey 750ml,사가모어,30.55,53.0,30.55,65.0,53.0,31,0,0.0,6,Y,1211:블렌디드 위스키,5285450,270431000001,https://www.shilladfs.com/estore/kr/ko/p/5285450
글렌모렌지 오리지널 1000ml,글렌모렌지,39.0,35.0,39.0,60.0,35.0,160,0,0.0,0,N,1220:싱글몰트 위스키,5070387,108631000001,https://www.shilladfs.com/estore/kr/ko/p/5070387
진 마레 카프리 1000ml,진 마레,29.16,46.0,29.16,54.0,46.0,21,0,0.0,6,Y,1226:스피릿,5334660,114931000055,https://www.shilladfs.com/estore/kr/ko/p/5334660
디플로마티코 리제르바 익스클루시바 700ml,디플로마티코,33.516,20.0,39.9,42.0,5.0,64,1,10.0,0,N,1226:스피릿,5334962,114931000053,https://www.shilladfs.com/estore/kr/ko/p/5334962
달모어 18년 2024년 에디션 700ml,달모어,,,332.5,350.0,5.0,603,15,10.0,0,N,1220:싱글몰트 위스키,5358024,114431000100,https://www.shilladfs.com/estore/kr/ko/p/5358024
글렌모레이 21년 포트우드 700ml,글렌모레이,133.4275,50.0,251.75,265.0,5.0,124,0,0.0,0,N,1220:싱글몰트 위스키,5304451,249031000045,https://www.shilladfs.com/estore/kr/ko/p/5304451
헤븐스도어 Straight Rye Whiskey 750ml,헤븐스도어,40.28,50.0,76.0,80.0,5.0,17,0,0.0,6,Y,1211:블렌디드 위스키,5284790,270331000003,https://www.shilladfs.com/estore/kr/ko/p/5284790
헤븐스도어 Double Barrel Whiskey 750ml,헤븐스도어,25.8,57.0,25.8,60.0,57.0,23,0,0.0,6,Y,1211:블렌디드 위스키,5284792,270331000002,https://www.shilladfs.com/estore/kr/ko/p/5284792
헤븐스도어 Straight Bourbon Whiskey 750ml,헤븐스도어,25.8,57.0,25.8,60.0,57.0,17,0,0.0,6,Y,1211:블렌디드 위스키,5284791,270331000001,https://www.shilladfs.com/estore/kr/ko/p/5284791
 어니스트 레미 브뤼 그랑크뤼 NV 750ml,와인나라,58.785999999999994,35.0,86.45,91.0,5.0,22,0,0.0,2,Y,1221:와인/샴페인,5349600,115431000118,https://www.shilladfs.com/estore/kr/ko/p/5349600
위도우 제인 AMERICAN RYE 750ml,위도우 제인,67.925,53.0,135.85,143.0,5.0,21,0,0.0,6,Y,1211:블렌디드 위스키,5337202,274231000003,https://www.shilladfs.com/estore/kr/ko/p/5337202
위도우 제인 APPLEWOOD & RYE 750ml,위도우 제인,69.498,51.0,128.7,143.0,10.0,28,0,0.0,0,N,1211:블렌디드 위스키,5337201,274231000002,https://www.shilladfs.com/estore/kr/ko/p/5337201
로크로몬드 14년 Inchmoan 1000ml,로크 로몬드,44.279999999999994,46.0,73.8,82.0,10.0,117,1,10.0,0,N,1220:싱글몰트 위스키,5267808,268831000004,https://www.shilladfs.com/estore/kr/ko/p/5267808
글렌스코시아 48년 700ml,글렌 스코시아,7207.2,48.0,7207.2,13860.0,48.0,39,0,0.0,3,Y,1220:싱글몰트 위스키,5300688,265131000004,https://www.shilladfs.com/estore/kr/ko/p/5300688
암룻 PEATED CASK STRENGTH 700ml,암룻,52.44,54.0,52.44,114.0,54.0,95,0,0.0,0,N,1220:싱글몰트 위스키,5337845,275031000005,https://www.shilladfs.com/estore/kr/ko/p/5337845
암룻 INDIAN 700ml,암룻,38.285,41.0,61.75,65.0,5.0,12,0,0.0,0,N,1220:싱글몰트 위스키,5337843,275031000001,https://www.shilladfs.com/estore/kr/ko/p/5337843
암룻 FUSION 700ml,암룻,51.243,41.0,82.65,87.0,5.0,70,1,10.0,0,N,1220:싱글몰트 위스키,5337846,275031000003,https://www.shilladfs.com/estore/kr/ko/p/5337846
암룻 PEATED 700ml,암룻,46.531,41.0,75.05,79.0,5.0,32,0,0.0,6,Y,1220:싱글몰트 위스키,5337847,275031000004,https://www.shilladfs.com/estore/kr/ko/p/5337847
글렌알라키 9년 도우로밸리 700ml,글렌알라키,50.544000000000004,53.0,97.2,108.0,10.0,253,1,10.0,0,N,1220:싱글몰트 위스키,5330414,265631000004,https://www.shilladfs.com/estore/kr/ko/p/5330414
보모어 36년 FQ 2023 700ml,보모어,,,2200.0,4000.0,45.0,40,0,0.0,6,Y,1220:싱글몰트 위스키,5221776,114231000038,https://www.shilladfs.com/estore/kr/ko/p/5221776
벤리악 Quarter Cask Classic 1000ml,벤리악,33.25,53.0,66.5,70.0,5.0,109,0,0.0,6,Y,1220:싱글몰트 위스키,5303577,114931000043,https://www.shilladfs.com/estore/kr/ko/p/5303577
"샴페인, 비죠따 블랑 드 블랑 프리미에 크뤼 750ml",비네센코리아,59.78,51.0,59.78,122.0,51.0,71,0,0.0,0,N,1221:와인/샴페인,5322075,272731000010,https://www.shilladfs.com/estore/kr/ko/p/5322075
"샴페인, 베르나르 비죠따 트라디숑 750ml",비네센코리아,39.2,51.0,39.2,80.0,51.0,103,1,10.0,6,Y,1221:와인/샴페인,5322073,272731000008,https://www.shilladfs.com/estore/kr/ko/p/5322073
오 메독 생-줄리앙 브라네르 뒤크리 750ml,비네센코리아,39.2,51.0,39.2,80.0,51.0,23,0,0.0,0,N,1221:와인/샴페인,5322069,272731000002,https://www.shilladfs.com/estore/kr/ko/p/5322069
올트모어 18년 700ml,올트모어,93.67000000000002,45.0,161.5,170.0,5.0,141,1,10.0,0,N,1220:싱글몰트 위스키,3333181,113531000019,https://www.shilladfs.com/estore/kr/ko/p/3333181
부나하벤 에리 1000ml,부나하벤,44.82,46.0,74.7,83.0,10.0,223,2,10.0,0,N,1220:싱글몰트 위스키,5229282,265331000001,https://www.shilladfs.com/estore/kr/ko/p/5229282
딘스톤 버진 오크 700ml,딘스톤,21.0,58.0,21.0,50.0,58.0,30,0,0.0,6,Y,1220:싱글몰트 위스키,5228673,264431000001,https://www.shilladfs.com/estore/kr/ko/p/5228673
큐로 몰트 500ml,큐로,57.12,52.0,57.12,119.0,52.0,30,0,0.0,6,Y,1220:싱글몰트 위스키,5302698,272331000001,https://www.shilladfs.com/estore/kr/ko/p/5302698
레벨 Kenturcky Straight Bourbon 750ml,레벨,20.087999999999997,44.0,32.4,36.0,10.0,28,0,0.0,1,Y,1227:기타 주류,5314089,273131000001,https://www.shilladfs.com/estore/kr/ko/p/5314089
스카라버스 히브리디언 저니 블렌디드 몰트 스카치 700ml,스카라버스,23.1,58.0,23.1,55.0,58.0,16,0,0.0,6,Y,1220:싱글몰트 위스키,5304446,249031000037,https://www.shilladfs.com/estore/kr/ko/p/5304446
스카라버스 하이랜드 저니 블렌디드 몰트 스카치 700ml,스카라버스,23.65,57.0,23.65,55.0,57.0,17,0,0.0,6,Y,1220:싱글몰트 위스키,5304439,249031000036,https://www.shilladfs.com/estore/kr/ko/p/5304439
스카라버스 아일레이 저니 블렌디드 몰트 스카치 700ml,스카라버스,23.1,58.0,23.1,55.0,58.0,15,0,0.0,6,Y,1220:싱글몰트 위스키,5304445,249031000035,https://www.shilladfs.com/estore/kr/ko/p/5304445
스카라버스 10년 700ml,스카라버스,42.7975,50.0,80.75,85.0,5.0,15,0,0.0,6,Y,1220:싱글몰트 위스키,5304438,249031000034,https://www.shilladfs.com/estore/kr/ko/p/5304438
폴 존 올로로소 쉐리 700ml,폴 존,52.8675,50.0,99.75,105.0,5.0,170,0,0.0,0,N,1220:싱글몰트 위스키,5312120,249031000024,https://www.shilladfs.com/estore/kr/ko/p/5312120
폴 존 클래식 1000ml,폴 존,39.9,58.0,39.9,95.0,58.0,33,0,0.0,6,Y,1220:싱글몰트 위스키,5311851,249031000022,https://www.shilladfs.com/estore/kr/ko/p/5311851
맥탈라 올드퍼스 쉐리 케스크 12년 700ml,맥탈라,39.7765,50.0,75.05,79.0,5.0,42,0,0.0,6,Y,1220:싱글몰트 위스키,5311850,249031000021,https://www.shilladfs.com/estore/kr/ko/p/5311850
맥탈라 마라 700ml,맥탈라,41.7905,50.0,78.85,83.0,5.0,36,0,0.0,1,Y,1220:싱글몰트 위스키,5312020,249031000017,https://www.shilladfs.com/estore/kr/ko/p/5312020
메종 에브라 샤또 그랑조 2019 750ml,메종에브라,21.62,53.0,21.62,46.0,53.0,53,0,0.0,6,Y,1221:와인/샴페인,5311227,117331000010,https://www.shilladfs.com/estore/kr/ko/p/5311227
지디 바이라 모스카토 다스티 750ml,신세계 L&B,17.01,43.0,27.0,30.0,10.0,31,3,10.0,0,N,1221:와인/샴페인,5264521,115331000187,https://www.shilladfs.com/estore/kr/ko/p/5264521
달모어 콰르텟 1000ml,달모어,,,127.3,134.0,5.0,207,0,0.0,0,N,1220:싱글몰트 위스키,5311282,114431000064,https://www.shilladfs.com/estore/kr/ko/p/5311282
우드포드 리저브 Baccarat Edition 700ml,우드포드 리저브,872.1,49.0,1615.0,1700.0,5.0,29,0,0.0,0,N,1211:블렌디드 위스키,5088307,114931000035,https://www.shilladfs.com/estore/kr/ko/p/5088307
벤리악 Triple Distilled 10년 1000ml,벤리악,38.038000000000004,51.0,73.15,77.0,5.0,136,0,0.0,6,Y,1220:싱글몰트 위스키,5303576,114931000042,https://www.shilladfs.com/estore/kr/ko/p/5303576
우드포드 리저브 Double XO 700ml,우드포드 리저브,96.42500000000001,45.0,166.25,175.0,5.0,605,2,10.0,0,N,1211:블렌디드 위스키,5251910,114931000045,https://www.shilladfs.com/estore/kr/ko/p/5251910
큐로 진 500ml,큐로,32.43,53.0,32.43,69.0,53.0,29,0,0.0,6,Y,1226:스피릿,5302699,272331000002,https://www.shilladfs.com/estore/kr/ko/p/5302699
오켄토션 다크 오크 CNY 1000ml,오켄토션,33.11,57.0,33.11,77.0,57.0,16,0,0.0,6,Y,1220:싱글몰트 위스키,5303265,114231000040,https://www.shilladfs.com/estore/kr/ko/p/5303265
에반 윌리엄스 싱글 배럴 750ml,신세계 L&B,29.89,51.0,29.89,61.0,51.0,63,0,0.0,6,Y,1211:블렌디드 위스키,5290609,115331000190,https://www.shilladfs.com/estore/kr/ko/p/5290609
그레이구스 Essence White Peach&Rosemary 1000ml,그레이 구스,25.96,56.0,25.96,59.0,56.0,16,0,0.0,6,Y,1226:스피릿,5274739,113231000029,https://www.shilladfs.com/estore/kr/ko/p/5274739
틸링 GRAIN 1000ml,틸링,32.12,56.0,32.12,73.0,56.0,8,0,0.0,6,Y,1227:기타 주류,5267972,113531000038,https://www.shilladfs.com/estore/kr/ko/p/5267972
틸링 SMALL BATCH 1000ml,틸링,26.622000000000003,54.0,52.2,58.0,10.0,11,0,0.0,6,Y,1227:기타 주류,5267971,113531000039,https://www.shilladfs.com/estore/kr/ko/p/5267971
듀어스 더블더블 27년 500ml,듀어스,151.05,50.0,285.0,300.0,5.0,215,0,0.0,0,N,1211:블렌디드 위스키,5267970,113531000058,https://www.shilladfs.com/estore/kr/ko/p/5267970
듀어스 더블더블 36년 500ml,듀어스,864.0,52.0,864.0,1800.0,52.0,60,0,0.0,2,Y,1220:싱글몰트 위스키,5268057,113531000060,https://www.shilladfs.com/estore/kr/ko/p/5268057
글렌데브론 40년 700ml,글렌데브론,2744.0,44.0,2744.0,4900.0,44.0,22,0,0.0,1,Y,1220:싱글몰트 위스키,5268155,113531000066,https://www.shilladfs.com/estore/kr/ko/p/5268155
단즈카 더 스피릿 1000ml,단즈카,15.3,55.0,15.3,34.0,55.0,14,0,0.0,6,Y,1226:스피릿,5104882,130631000006,https://www.shilladfs.com/estore/kr/ko/p/5104882
단즈카 크랜베리 1000ml,단즈카,10.450000000000001,48.0,19.0,20.0,5.0,18,0,0.0,0,N,1226:스피릿,5070683,130631000002,https://www.shilladfs.com/estore/kr/ko/p/5070683
단즈카 커런트 1000ml,단즈카,10.450000000000001,48.0,19.0,20.0,5.0,10,0,0.0,0,N,1226:스피릿,5104885,130631000007,https://www.shilladfs.com/estore/kr/ko/p/5104885
"아르볼레다, 시라 2020 750ml ",에노테카,13.547,41.0,21.85,23.0,5.0,12,0,0.0,0,N,1221:와인/샴페인,5179706,126931000025,https://www.shilladfs.com/estore/kr/ko/p/5179706
컴파스 박스 Spice Tree 700ml,컴파스 박스,43.301,50.0,81.7,86.0,5.0,28,0,0.0,0,N,1211:블렌디드 위스키,5229035,263731000004,https://www.shilladfs.com/estore/kr/ko/p/5229035
컴파스 박스 Orchard House 700ml,컴파스 박스,30.21,50.0,57.0,60.0,5.0,176,1,10.0,0,N,1211:블렌디드 위스키,5229033,263731000001,https://www.shilladfs.com/estore/kr/ko/p/5229033
쿠르부아지에 루즈 럭스 700ml,쿠르부아지에,35.625,53.0,71.25,75.0,5.0,61,2,10.0,0,N,1213:꼬냑,5223930,109731000025,https://www.shilladfs.com/estore/kr/ko/p/5223930
조야 우타주 5년 700ml,조야,70.22399999999999,37.0,106.4,112.0,5.0,16,0,0.0,6,Y,1221:와인/샴페인,5251909,112431000008,https://www.shilladfs.com/estore/kr/ko/p/5251909
켄터키아울 컨피스케이티드 버번 위스키 700ml,켄터키아울,91.88399999999999,41.0,148.2,156.0,5.0,200,0,0.0,0,N,1211:블렌디드 위스키,5248878,258131000003,https://www.shilladfs.com/estore/kr/ko/p/5248878
켄터키아울 더 와이즈맨 라이 버번 위스키 700ml,켄터키아울,33.37,53.0,33.37,71.0,53.0,17,0,0.0,6,Y,1211:블렌디드 위스키,5248877,258131000002,https://www.shilladfs.com/estore/kr/ko/p/5248877
켄터키아울 엘릿 보드카 1000ml,켄터키아울,28.20825,55.0,28.35,63.0,55.0,8,0,0.0,6,Y,1226:스피릿,5249103,258131000001,https://www.shilladfs.com/estore/kr/ko/p/5249103
테일러스 마스터스트로크 까베르네 쉬라즈 750ml,테일러스,21.6,55.0,21.6,48.0,55.0,19,0,0.0,6,Y,1221:와인/샴페인,5249102,258931000001,https://www.shilladfs.com/estore/kr/ko/p/5249102
테일러스 마스터스트로크 까베르네 소비뇽 750ml,테일러스,21.384,55.0,21.6,48.0,55.0,14,0,0.0,6,Y,1221:와인/샴페인,5249133,258931000002,https://www.shilladfs.com/estore/kr/ko/p/5249133
테일러스 세인트 앤드류 쉬라즈 750ml,테일러스,27.702,49.0,51.3,54.0,5.0,25,0,0.0,0,N,1221:와인/샴페인,5249132,258931000004,https://www.shilladfs.com/estore/kr/ko/p/5249132
테일러스 더 파이오니어 쉬라즈 750ml,테일러스,69.768,49.0,129.2,136.0,5.0,14,0,0.0,0,N,1221:와인/샴페인,5248875,258931000006,https://www.shilladfs.com/estore/kr/ko/p/5248875
테일러스 더 비저너리 까베르네 소비뇽 750ml,테일러스,69.768,49.0,129.2,136.0,5.0,13,0,0.0,0,N,1221:와인/샴페인,5248874,258931000007,https://www.shilladfs.com/estore/kr/ko/p/5248874
켄터키아울 스톨리치나야 보드카 1000ml,켄터키아울,15.314,41.0,24.7,26.0,5.0,8,0,0.0,0,N,1226:스피릿,5248867,258131000004,https://www.shilladfs.com/estore/kr/ko/p/5248867
조야 로얄허니 700ml,조야,20.691,37.0,31.35,33.0,5.0,21,0,0.0,6,Y,1221:와인/샴페인,5248798,112431000007,https://www.shilladfs.com/estore/kr/ko/p/5248798
조야 엑스트라 시소 700ml,조야,12.48,48.0,12.48,24.0,48.0,4,0,0.0,6,Y,1221:와인/샴페인,5248797,112431000006,https://www.shilladfs.com/estore/kr/ko/p/5248797
밀크앤허니 APEX ex-알바 Batch 700ml,밀크앤허니,72.52,63.0,72.52,196.0,63.0,20,0,0.0,6,Y,1220:싱글몰트 위스키,5248996,266731000010,https://www.shilladfs.com/estore/kr/ko/p/5248996
밀크앤허니 APEX 사해 Batch 700ml,밀크앤허니,91.16000000000001,58.0,172.0,215.0,20.0,71,0,0.0,0,N,1220:싱글몰트 위스키,5248994,266731000007,https://www.shilladfs.com/estore/kr/ko/p/5248994
밀크앤허니 APEX 석류 Batch 700ml,밀크앤허니,111.321,40.0,176.7,186.0,5.0,43,0,0.0,6,Y,1220:싱글몰트 위스키,5248993,266731000006,https://www.shilladfs.com/estore/kr/ko/p/5248993
밀크앤허니 크리스마스에디션 트릿 700ml,밀크앤허니,49.98,58.0,49.98,119.0,58.0,15,0,0.0,6,Y,1220:싱글몰트 위스키,5248990,266731000005,https://www.shilladfs.com/estore/kr/ko/p/5248990
밀크앤허니 엘리먼츠 레드와인 캐스크 700ml,밀크앤허니,44.1,58.0,44.1,105.0,58.0,27,0,0.0,6,Y,1220:싱글몰트 위스키,5248989,266731000004,https://www.shilladfs.com/estore/kr/ko/p/5248989
밀크앤허니 클래식 싱글몰트 700ml,밀크앤허니,37.3915,55.0,70.55,83.0,15.0,50,1,10.0,6,Y,1220:싱글몰트 위스키,5248987,266731000001,https://www.shilladfs.com/estore/kr/ko/p/5248987
딩글 싱글몰트위스키 배치6 700ml,딩글,46.23,60.0,69.0,115.0,40.0,24,0,0.0,0,N,1220:싱글몰트 위스키,5249079,266631000002,https://www.shilladfs.com/estore/kr/ko/p/5249079
아마하간 World Malt Editon No.5 700ml,아마하간,54.918000000000006,51.0,101.7,113.0,10.0,35,0,0.0,6,Y,1211:블렌디드 위스키,5232836,263231000003,https://www.shilladfs.com/estore/kr/ko/p/5232836
아마하간 World Malt Editon Yamazakura 700ml,아마하간,51.516000000000005,51.0,95.4,106.0,10.0,39,0,0.0,0,N,1211:블렌디드 위스키,5232460,263231000002,https://www.shilladfs.com/estore/kr/ko/p/5232460
펄킨위스키 RARE INCHGOWER PX 700ml,펄킨 위스키,69.552,50.0,124.2,138.0,10.0,38,0,0.0,0,N,1220:싱글몰트 위스키,5228763,263131000004,https://www.shilladfs.com/estore/kr/ko/p/5228763
펄킨위스키 49 TULLIBARDINE OA 700ml,펄킨 위스키,69.552,50.0,124.2,138.0,10.0,33,0,0.0,6,Y,1220:싱글몰트 위스키,5228761,263131000003,https://www.shilladfs.com/estore/kr/ko/p/5228761
더글라스랭 OP BLAIR ATHOL 12년 700ml,더글라스랭,68.16149999999999,55.0,68.85,153.0,55.0,48,0,0.0,6,Y,1220:싱글몰트 위스키,5228866,265431000009,https://www.shilladfs.com/estore/kr/ko/p/5228866
더글라스랭 OP ARDMORE 15년 700ml,더글라스랭,70.03,53.0,70.03,149.0,53.0,39,0,0.0,6,Y,1220:싱글몰트 위스키,5228865,265431000005,https://www.shilladfs.com/estore/kr/ko/p/5228865
더글라스랭 BIG PEAT 12년 700ml,더글라스랭,43.586,41.0,70.3,74.0,5.0,45,0,0.0,6,Y,1220:싱글몰트 위스키,5228863,265431000001,https://www.shilladfs.com/estore/kr/ko/p/5228863
더글라스랭 OP AUCHROISK 12년 700ml,더글라스랭,49.005,55.0,49.5,110.0,55.0,20,0,0.0,6,Y,1220:싱글몰트 위스키,5228861,265431000007,https://www.shilladfs.com/estore/kr/ko/p/5228861
더글라스랭 TIMOROUS BESTIE 10년 700ml,더글라스랭,28.14,58.0,28.14,67.0,58.0,26,0,0.0,0,N,1220:싱글몰트 위스키,5228858,265431000002,https://www.shilladfs.com/estore/kr/ko/p/5228858
글렌파클라스 35년 700ml,글렌파클라스,928.74,31.0,928.74,1346.0,31.0,58,0,0.0,6,Y,1220:싱글몰트 위스키,5226627,265931000006,https://www.shilladfs.com/estore/kr/ko/p/5226627
카미키 사쿠라 750ml,카미키,71.4,40.0,95.2,119.0,20.0,48,1,10.0,0,N,1211:블렌디드 위스키,5157329,254631000002,https://www.shilladfs.com/estore/kr/ko/p/5157329
쿠라 클래식 700ml,쿠라,62.5,50.0,62.5,125.0,50.0,11,0,0.0,6,Y,1211:블렌디드 위스키,5157346,254631000010,https://www.shilladfs.com/estore/kr/ko/p/5157346
쿠라 럼 캐스크 700ml,쿠라,75.6,44.0,108.0,135.0,20.0,16,0,0.0,6,Y,1211:블렌디드 위스키,5157347,254631000011,https://www.shilladfs.com/estore/kr/ko/p/5157347
쿠라 8년 아와모리 700ml,쿠라,101.0,50.0,101.0,202.0,50.0,12,0,0.0,6,Y,1211:블렌디드 위스키,5157334,254631000012,https://www.shilladfs.com/estore/kr/ko/p/5157334
쿠라 12년 아와모리 700ml,쿠라,127.5,50.0,127.5,255.0,50.0,23,0,0.0,6,Y,1211:블렌디드 위스키,5157335,254631000013,https://www.shilladfs.com/estore/kr/ko/p/5157335
마르스 이와이 750ml,마르스,34.45,47.0,34.45,65.0,47.0,26,0,0.0,6,Y,1211:블렌디드 위스키,5157344,254631000006,https://www.shilladfs.com/estore/kr/ko/p/5157344
마르스 이와이 트레디션 750ml,마르스,43.16,48.0,43.16,83.0,48.0,26,0,0.0,6,Y,1211:블렌디드 위스키,5157345,254631000007,https://www.shilladfs.com/estore/kr/ko/p/5157345
마르스 몰티지 코스모 700ml,마르스,79.488,42.0,110.4,138.0,20.0,12,0,0.0,6,Y,1211:블렌디드 위스키,5157332,254631000008,https://www.shilladfs.com/estore/kr/ko/p/5157332
쿠라요시 레귤러 700ml,마츠이,52.64,44.0,52.64,94.0,44.0,15,0,0.0,6,Y,1211:블렌디드 위스키,5157348,254631000014,https://www.shilladfs.com/estore/kr/ko/p/5157348
쿠라요시 셰리 700ml,마츠이,58.8,44.0,58.8,105.0,44.0,25,0,0.0,6,Y,1211:블렌디드 위스키,5157336,254631000015,https://www.shilladfs.com/estore/kr/ko/p/5157336
쿠라요시 12년 셰리 700ml,마츠이,75.6,44.0,75.6,135.0,44.0,14,0,0.0,6,Y,1211:블렌디드 위스키,5157349,254631000016,https://www.shilladfs.com/estore/kr/ko/p/5157349
쿠라요시 12년 몰트 700ml,마츠이,104.72,44.0,104.72,187.0,44.0,27,0,0.0,6,Y,1211:블렌디드 위스키,5157350,254631000017,https://www.shilladfs.com/estore/kr/ko/p/5157350
마츠이 미즈나라 캐스크 700ml,마츠이,57.0,40.0,76.0,95.0,20.0,36,0,0.0,0,N,1220:싱글몰트 위스키,5157337,254631000018,https://www.shilladfs.com/estore/kr/ko/p/5157337
마츠이 사쿠라 캐스크 700ml,마츠이,57.0,40.0,76.0,95.0,20.0,39,0,0.0,6,Y,1220:싱글몰트 위스키,5157338,254631000019,https://www.shilladfs.com/estore/kr/ko/p/5157338
마츠이 피트 700ml,마츠이,53.2,44.0,53.2,95.0,44.0,22,0,0.0,6,Y,1220:싱글몰트 위스키,5157351,254631000020,https://www.shilladfs.com/estore/kr/ko/p/5157351
니카 테일러드 700ml,니카,81.0,40.0,108.0,135.0,20.0,66,1,10.0,0,N,1211:블렌디드 위스키,5157353,254631000023,https://www.shilladfs.com/estore/kr/ko/p/5157353
니카 더 세션 700ml,니카,42.35,45.0,42.35,77.0,45.0,28,0,0.0,6,Y,1211:블렌디드 위스키,5157340,254631000024,https://www.shilladfs.com/estore/kr/ko/p/5157340
달모어 2008 빈티지 700ml,달모어,,,213.75,225.0,5.0,252,2,10.0,0,N,1220:싱글몰트 위스키,5222079,114431000092,https://www.shilladfs.com/estore/kr/ko/p/5222079
그라함 트레블러 팩 200ml*3,그라함,37.259,50.0,70.3,74.0,5.0,268,2,10.0,0,N,1221:와인/샴페인,5222078,154531000007,https://www.shilladfs.com/estore/kr/ko/p/5222078
그라함 블렌드 화이트 No.5 750ml,그라함,22.154,50.0,41.8,44.0,5.0,127,3,8.0,0,N,1221:와인/샴페인,5222077,154531000006,https://www.shilladfs.com/estore/kr/ko/p/5222077
타운브랜치 켄터키 싱글 몰트 7년 750ml,타운브랜치,28.8,52.0,28.8,60.0,52.0,21,0,0.0,6,Y,1220:싱글몰트 위스키,5219708,262731000002,https://www.shilladfs.com/estore/kr/ko/p/5219708
타운브랜치 트루 케스크 버번 750ml,타운브랜치,36.582,45.0,46.9,67.0,30.0,43,0,0.0,1,Y,1211:블렌디드 위스키,5219706,262731000003,https://www.shilladfs.com/estore/kr/ko/p/5219706
패터캐른 WH 14 700ml,패터캐른,42.120000000000005,53.0,81.0,90.0,10.0,57,3,10.0,6,Y,1220:싱글몰트 위스키,5219290,114431000091,https://www.shilladfs.com/estore/kr/ko/p/5219290
패터캐른 23년 700ml,패터캐른,161.46,46.0,269.1,299.0,10.0,185,2,8.0,6,Y,1220:싱글몰트 위스키,5219288,114431000087,https://www.shilladfs.com/estore/kr/ko/p/5219288
패터캐른 28년 700ml,패터캐른,473.28,49.0,473.28,928.0,49.0,42,0,0.0,6,Y,1220:싱글몰트 위스키,5219286,114431000088,https://www.shilladfs.com/estore/kr/ko/p/5219286
패터캐른 16년 1000ml,패터캐른,74.8125,40.0,118.75,125.0,5.0,15,0,0.0,0,N,1220:싱글몰트 위스키,5219285,114431000086,https://www.shilladfs.com/estore/kr/ko/p/5219285
패터캐른 12년 PX 1000ml,패터캐른,39.78,53.0,76.5,85.0,10.0,17,0,0.0,0,N,1220:싱글몰트 위스키,5219284,114431000085,https://www.shilladfs.com/estore/kr/ko/p/5219284
골든블랑 CHAMPAGNE SIX STAR BLUE 750ml,골든블랑,178.75,45.0,178.75,325.0,45.0,16,0,0.0,0,N,1221:와인/샴페인,5219554,254731000008,https://www.shilladfs.com/estore/kr/ko/p/5219554
골든블랑 CHAMPAGNE SIX STAR PURPLE 750ml,골든블랑,178.75,45.0,178.75,325.0,45.0,18,0,0.0,0,N,1221:와인/샴페인,5219236,254731000006,https://www.shilladfs.com/estore/kr/ko/p/5219236
골든블랑 CHAMPAGNE SIX STAR GREEN 750ml,골든블랑,178.75,45.0,178.75,325.0,45.0,10,0,0.0,0,N,1221:와인/샴페인,5219235,254731000005,https://www.shilladfs.com/estore/kr/ko/p/5219235
브룩라디 Port Charlotte 10년 1000ml,브룩라디,,,69.0,115.0,40.0,202,0,0.0,3,Y,1220:싱글몰트 위스키,5208379,085131000069,https://www.shilladfs.com/estore/kr/ko/p/5208379
호세쿠엘보 에스페샬 레포사도 1000ml,호세쿠엘보,16.15,35.0,23.75,25.0,5.0,100,0,0.0,0,N,1226:스피릿,5200757,130531000015,https://www.shilladfs.com/estore/kr/ko/p/5200757
부쉬밀 포트캐스크 25년 700ml,부쉬밀,540.0,40.0,540.0,900.0,40.0,137,0,0.0,0,N,1220:싱글몰트 위스키,5200753,130531000022,https://www.shilladfs.com/estore/kr/ko/p/5200753
더 크라켄 블랙 스파이시 럼 1000ml,더 크라켄 블랙 스파이시드 럼,27.131999999999998,35.0,39.9,42.0,5.0,14,0,0.0,0,N,1226:스피릿,5200750,130531000016,https://www.shilladfs.com/estore/kr/ko/p/5200750
호세쿠엘보 1800 데킬라 블랑코 1000ml,호세쿠엘보,33.592,35.0,49.4,52.0,5.0,72,0,0.0,6,Y,1226:스피릿,5200749,130531000013,https://www.shilladfs.com/estore/kr/ko/p/5200749
더 글렌그란트 18년 1000ml,더 글렌그란트,115.776,40.0,172.8,192.0,10.0,980,2,10.0,0,N,1220:싱글몰트 위스키,5193075,257131000004,https://www.shilladfs.com/estore/kr/ko/p/5193075
발베니 30년 Rare Marrige 700ml ,발베니,3542.27,39.0,3542.27,5807.0,39.0,142,0,0.0,5,Y,1220:싱글몰트 위스키,5188629,112231000032,https://www.shilladfs.com/estore/kr/ko/p/5188629
보타니스트 Botanist Strength 700ml,보타니스트,25.137,40.0,39.9,42.0,5.0,16,0,0.0,0,N,1226:스피릿,5186676,085131000066,https://www.shilladfs.com/estore/kr/ko/p/5186676
"살트램, 맴레 브룩 바로싸 카베르네 소비뇽 2018 750ml ",에노테카,27.0,46.0,45.0,50.0,10.0,15,0,0.0,1,Y,1221:와인/샴페인,5179711,126931000032,https://www.shilladfs.com/estore/kr/ko/p/5179711
산토리 월드 위스키 아오 700ml,산토리,37.544000000000004,51.0,72.2,76.0,5.0,396,2,10.0,0,N,1211:블렌디드 위스키,5176108,114131000032,https://www.shilladfs.com/estore/kr/ko/p/5176108
골든블랑 CREMANT  ROSE 750ml,골든블랑,38.5,45.0,38.5,70.0,45.0,58,0,0.0,6,Y,1221:와인/샴페인,5174764,254731000004,https://www.shilladfs.com/estore/kr/ko/p/5174764
골든블랑 CHAMPAGNE  BRUT 750ml,골든블랑,45.58,47.0,45.58,86.0,47.0,151,1,10.0,6,Y,1221:와인/샴페인,5174762,254731000001,https://www.shilladfs.com/estore/kr/ko/p/5174762
와일드터키 LONGBRANCH 1000ml,와일드터키,29.0,50.0,29.0,58.0,50.0,138,2,10.0,6,Y,1211:블렌디드 위스키,5173188,257231000001,https://www.shilladfs.com/estore/kr/ko/p/5173188
스카이 보드카 1L,캄파리,13.2,56.0,13.2,30.0,56.0,9,0,0.0,6,Y,1226:스피릿,5173187,256731000004,https://www.shilladfs.com/estore/kr/ko/p/5173187
캄파리 1000ml,캄파리,13.92,52.0,13.92,29.0,52.0,28,0,0.0,6,Y,1226:스피릿,5173366,256731000003,https://www.shilladfs.com/estore/kr/ko/p/5173366
캄파리 APEROL 1000ml,캄파리,13.5945,50.0,25.65,27.0,5.0,40,0,0.0,0,N,1226:스피릿,5173186,256731000002,https://www.shilladfs.com/estore/kr/ko/p/5173186
탐나불린 올로로소 1000ml,탐나불린,26.5,50.0,26.5,53.0,50.0,110,1,8.0,0,N,1220:싱글몰트 위스키,5166853,114431000073,https://www.shilladfs.com/estore/kr/ko/p/5166853
달모어 30년 700ml,달모어,,,5890.0,6200.0,5.0,11,0,0.0,0,N,1220:싱글몰트 위스키,5166852,114431000058,https://www.shilladfs.com/estore/kr/ko/p/5166852
주라 21년 타임 700ml,주라,98.1,55.0,163.5,218.0,25.0,183,0,0.0,0,N,1220:싱글몰트 위스키,5166847,114431000045,https://www.shilladfs.com/estore/kr/ko/p/5166847
주라 더 팹스 700ml,주라,62.964,52.0,118.8,132.0,10.0,92,2,10.0,6,Y,1220:싱글몰트 위스키,5166844,114431000041,https://www.shilladfs.com/estore/kr/ko/p/5166844
주라 더 베이  1000ml,주라,40.8,52.0,40.8,85.0,52.0,29,0,0.0,6,Y,1220:싱글몰트 위스키,5166842,114431000039,https://www.shilladfs.com/estore/kr/ko/p/5166842
펀다도르 18년 1000ml,펀다도르,190.0,5.0,190.0,200.0,5.0,25,0,0.0,2,Y,1220:싱글몰트 위스키,5166837,114431000027,https://www.shilladfs.com/estore/kr/ko/p/5166837
섀클턴 1000ml,섀클턴,30.305000000000003,48.0,55.1,58.0,5.0,10,0,0.0,3,Y,1220:싱글몰트 위스키,5166834,114431000024,https://www.shilladfs.com/estore/kr/ko/p/5166834
보모어 15년 골든앤엘레강트 1000ml,보모어,,,99.75,105.0,5.0,731,3,10.0,0,N,1220:싱글몰트 위스키,5166833,114231000013,https://www.shilladfs.com/estore/kr/ko/p/5166833
오켄토션 다크 오크 1000ml,오켄토션,40.824000000000005,50.0,72.9,81.0,10.0,21,0,0.0,6,Y,1220:싱글몰트 위스키,5166758,114231000029,https://www.shilladfs.com/estore/kr/ko/p/5166758
팔린다 와인 소비뇽 레드(2011년) 750ml & 바이오니어 레드(2015년) 750ml,팔린다 와인,77.76,46.0,77.76,144.0,46.0,2,0,0.0,6,Y,1221:와인/샴페인,5157074,255131000012,https://www.shilladfs.com/estore/kr/ko/p/5157074
팔린다 와인 메를로레드와인(2013년) 750ml & 바이오니어화이트와인(2011년) 750ml ,팔린다 와인,66.69,43.0,111.15,117.0,5.0,2,0,0.0,6,Y,1221:와인/샴페인,5157073,255131000010,https://www.shilladfs.com/estore/kr/ko/p/5157073
팔린다 와인 소비뇽 레드와인(2011년) 750ml,팔린다 와인,43.89,43.0,73.15,77.0,5.0,7,0,0.0,0,N,1221:와인/샴페인,5157072,255131000007,https://www.shilladfs.com/estore/kr/ko/p/5157072
팔린다 와인 체닌블랑 화이트와인(2018년) 750ml,팔린다 와인,30.21,43.0,50.35,53.0,5.0,4,0,0.0,2,Y,1221:와인/샴페인,5157071,255131000006,https://www.shilladfs.com/estore/kr/ko/p/5157071
팔린다 와인 까베르네 레드와인(2011년) 750ml,팔린다 와인,43.89,43.0,73.15,77.0,5.0,6,0,0.0,6,Y,1221:와인/샴페인,5157070,255131000005,https://www.shilladfs.com/estore/kr/ko/p/5157070
팔린다 와인 메를로 레드와인(2013년) 750ml,팔린다 와인,39.9,43.0,66.5,70.0,5.0,9,0,0.0,6,Y,1221:와인/샴페인,5157069,255131000003,https://www.shilladfs.com/estore/kr/ko/p/5157069
팔린다 와인 클래식 화이트와인(2014년) 750ml,팔린다 와인,22.79,47.0,22.79,43.0,47.0,9,0,0.0,6,Y,1221:와인/샴페인,5157068,255131000002,https://www.shilladfs.com/estore/kr/ko/p/5157068
팔린다 와인 쉬라즈 레드 (2011년) 750ml & ChnnBlanc 화이트(2018년) Wine 750ml,팔린다 와인,60.5358,48.0,60.84,117.0,48.0,5,0,0.0,6,Y,1221:와인/샴페인,5157067,255131000011,https://www.shilladfs.com/estore/kr/ko/p/5157067
팔린다 와인 쉬라즈레드와인(2010년) 750ml & 클래식화이트와인(2014년) 750ml ,팔린다 와인,53.01,43.0,88.35,93.0,5.0,2,0,0.0,6,Y,1221:와인/샴페인,5157066,255131000009,https://www.shilladfs.com/estore/kr/ko/p/5157066
팔린다 와인 바이오니어 레드와인(2015년) 750ml,팔린다 와인,43.16,48.0,43.16,83.0,48.0,1,0,0.0,6,Y,1221:와인/샴페인,5157065,255131000008,https://www.shilladfs.com/estore/kr/ko/p/5157065
팔린다 와인 바이오니어 화이트와인(2011년) 750ml,팔린다 와인,30.887999999999998,49.0,31.2,60.0,48.0,5,0,0.0,6,Y,1221:와인/샴페인,5157064,255131000004,https://www.shilladfs.com/estore/kr/ko/p/5157064
팔린다 와인 쉬라즈 레드와인(2010년) 750ml,팔린다 와인,34.199999999999996,43.0,57.0,60.0,5.0,6,0,0.0,6,Y,1221:와인/샴페인,5157063,255131000001,https://www.shilladfs.com/estore/kr/ko/p/5157063
블랙 니카 스페셜 720ml,니카,17.05,45.0,17.05,31.0,45.0,86,0,0.0,6,Y,1227:기타 주류,5157352,254631000022,https://www.shilladfs.com/estore/kr/ko/p/5157352
우미키 750ml,우미키,43.8,40.0,58.4,73.0,20.0,1,0,0.0,6,Y,1211:블렌디드 위스키,5157343,254631000004,https://www.shilladfs.com/estore/kr/ko/p/5157343
미노키 700ml,미노키,43.2,40.0,57.6,72.0,20.0,0,0,0.0,6,Y,1226:스피릿,5157331,254631000005,https://www.shilladfs.com/estore/kr/ko/p/5157331
본테라 맥냅 2020 750ml ,와인나라,60.5,45.0,60.5,110.0,45.0,5,0,0.0,6,Y,1221:와인/샴페인,5152084,115431000108,https://www.shilladfs.com/estore/kr/ko/p/5152084
오르벤 750ml,와인나라,36.821999999999996,35.0,54.15,57.0,5.0,3,0,0.0,0,N,1221:와인/샴페인,5152081,115431000104,https://www.shilladfs.com/estore/kr/ko/p/5152081
"루이 라뚜르, 샤도네이 750ml",와인나라,21.963999999999995,35.0,32.3,34.0,5.0,29,0,0.0,0,N,1221:와인/샴페인,5152078,115431000101,https://www.shilladfs.com/estore/kr/ko/p/5152078
생클레어 파이오니어 블락 소비뇽 블랑 2022 750ml ,신세계 L&B,15.428000000000003,45.0,26.6,28.0,5.0,179,1,10.0,0,N,1221:와인/샴페인,5152383,115331000184,https://www.shilladfs.com/estore/kr/ko/p/5152383
"투핸즈, 엔젤스 쉐어 쉬라즈 750ml",신세계 L&B,22.049999999999997,37.0,31.5,35.0,10.0,161,1,10.0,0,N,1221:와인/샴페인,5152380,115331000176,https://www.shilladfs.com/estore/kr/ko/p/5152380
"투핸즈, 해리엇 가든 쉬라즈 750ml",신세계 L&B,40.071000000000005,46.0,70.3,74.0,5.0,51,0,0.0,0,N,1221:와인/샴페인,5152376,115331000178,https://www.shilladfs.com/estore/kr/ko/p/5152376
펜폴즈 맥스 샤르도네 750ml,펜폴즈,22.040000000000003,45.0,38.0,40.0,5.0,19,0,0.0,0,N,1221:와인/샴페인,5151155,195231000020,https://www.shilladfs.com/estore/kr/ko/p/5151155
펜폴즈 파덜 그랜드 타우니 10년 750ml,펜폴즈,24.5575,48.0,44.65,47.0,5.0,31,1,10.0,0,N,1221:와인/샴페인,5151038,195231000019,https://www.shilladfs.com/estore/kr/ko/p/5151038
보데가스 이자디 크리안자 750ml,와인나라,22.61,35.0,33.25,35.0,5.0,8,0,0.0,0,N,1221:와인/샴페인,5147036,115431000086,https://www.shilladfs.com/estore/kr/ko/p/5147036
룩 벨레어 로제 NV 750ml ,와인나라,38.114,35.0,56.05,59.0,5.0,13,0,0.0,0,N,1221:와인/샴페인,5147032,115431000080,https://www.shilladfs.com/estore/kr/ko/p/5147032
콜롬비아 크레스트 리저브 까베르네 소비뇽 2019 750ml ,신세계 L&B,45.57,51.0,45.57,93.0,51.0,16,1,6.0,0,N,1221:와인/샴페인,5147026,115331000169,https://www.shilladfs.com/estore/kr/ko/p/5147026
하이랜드 파크 BEAR 1000ml,하이랜드 파크,28.98,54.0,28.98,63.0,54.0,45,0,0.0,0,N,1220:싱글몰트 위스키,5145171,112031000018,https://www.shilladfs.com/estore/kr/ko/p/5145171
달모어 트리오 1000ml,달모어,,,99.75,105.0,5.0,228,1,10.0,0,N,1220:싱글몰트 위스키,5125160,114431000076,https://www.shilladfs.com/estore/kr/ko/p/5125160
산타 마게리타 밀리움 화이트 2022 750ml,산타 마게리타,16.59,45.0,21.0,30.0,30.0,17,1,10.0,0,N,1221:와인/샴페인,5114837,185431000007,https://www.shilladfs.com/estore/kr/ko/p/5114837
산타 마게리타 밀리움 레드 2021 750ml,산타 마게리타,18.802000000000003,45.0,23.8,34.0,30.0,15,0,0.0,0,N,1221:와인/샴페인,5114836,185431000006,https://www.shilladfs.com/estore/kr/ko/p/5114836
산타 마게리타 라몰레 디 라몰레 라레알레 2019 750ml,산타 마게리타,29.862,45.0,37.8,54.0,30.0,6,0,0.0,0,N,1221:와인/샴페인,5114835,185431000005,https://www.shilladfs.com/estore/kr/ko/p/5114835
산타 마게리타 라몰레 디 라몰레 마찌올로 750ml,산타 마게리타,23.226,45.0,29.4,42.0,30.0,36,0,0.0,0,N,1221:와인/샴페인,5114834,185431000004,https://www.shilladfs.com/estore/kr/ko/p/5114834
펠러 트레블 팩 아이스 와인 50ml*6,펠러,45.486000000000004,46.0,79.8,84.0,5.0,79,0,0.0,0,N,1221:와인/샴페인,5114832,117631000007,https://www.shilladfs.com/estore/kr/ko/p/5114832
"펠러 오크 에이지, 까베르네 프랑 투팩 아이스 와인 375ml*2",펠러,94.22100000000002,46.0,165.3,174.0,5.0,57,1,6.0,0,N,1221:와인/샴페인,5114831,117631000009,https://www.shilladfs.com/estore/kr/ko/p/5114831
펠러 오크 에이지 아이스 와인 375ml,펠러,44.944500000000005,46.0,78.85,83.0,5.0,18,0,0.0,0,N,1221:와인/샴페인,5114830,117631000006,https://www.shilladfs.com/estore/kr/ko/p/5114830
메종에브라 조세핀 드 보이드 2012 750ml,메종에브라,26.208000000000002,50.0,46.8,52.0,10.0,10,0,0.0,0,N,1221:와인/샴페인,5114508,117331000009,https://www.shilladfs.com/estore/kr/ko/p/5114508
발베니  Balvenie 40 Rare Marriages 700ml,발베니,5542.9,45.0,5542.9,10078.0,45.0,152,0,0.0,0,N,1220:싱글몰트 위스키,5108433,112231000028,https://www.shilladfs.com/estore/kr/ko/p/5108433
까뮤 VSOP 1000ml,까뮤,54.269999999999996,40.0,81.0,90.0,10.0,273,2,10.0,0,N,1213:꼬냑,5108366,070031000037,https://www.shilladfs.com/estore/kr/ko/p/5108366
폴리냑 VSOP 1000ml,폴리냑,43.32600000000001,48.0,74.7,83.0,10.0,17,0,0.0,0,N,1213:꼬냑,5104886,109431000006,https://www.shilladfs.com/estore/kr/ko/p/5104886
단즈카 그레이프 후르츠 1000ml,단즈카,10.450000000000001,48.0,19.0,20.0,5.0,13,0,0.0,0,N,1226:스피릿,5104884,130631000008,https://www.shilladfs.com/estore/kr/ko/p/5104884
양허 해지람 480ml,양허,17.3565,40.0,27.55,29.0,5.0,126,0,0.0,6,Y,1216:중국술,5104692,067631000033,https://www.shilladfs.com/estore/kr/ko/p/5104692
폴리냑 XO 로얄 700ml,폴리냑,97.09200000000001,48.0,167.4,186.0,10.0,48,0,0.0,0,N,1213:꼬냑,5104879,109431000004,https://www.shilladfs.com/estore/kr/ko/p/5104879
바카디 16년 1000ml,바카디,80.845,30.0,109.25,115.0,5.0,18,0,0.0,0,N,1226:스피릿,5102014,113431000025,https://www.shilladfs.com/estore/kr/ko/p/5102014
바카디 SPICED 1000ml,바카디,12.0,52.0,12.0,25.0,52.0,8,0,0.0,6,Y,1226:스피릿,5102013,113431000024,https://www.shilladfs.com/estore/kr/ko/p/5102013
에버펠디 16년 1000ml,에버펠디,80.99700000000001,45.0,139.65,147.0,5.0,52,0,0.0,0,N,1220:싱글몰트 위스키,5102010,113531000028,https://www.shilladfs.com/estore/kr/ko/p/5102010
올트모어 12년 1000ml,올트모어,46.02,56.0,78.0,104.0,25.0,179,0,0.0,0,N,1220:싱글몰트 위스키,5102008,113531000018,https://www.shilladfs.com/estore/kr/ko/p/5102008
레미마틴 XO 1500ml,레미마틴,291.5,47.0,291.5,550.0,47.0,55,0,0.0,6,Y,1213:꼬냑,5100212,085131000041,https://www.shilladfs.com/estore/kr/ko/p/5100212
잭다니엘 젠틀맨 잭 200ml,잭다니엘,8.692499999999999,42.0,14.25,15.0,5.0,79,0,0.0,6,Y,1211:블렌디드 위스키,5088301,114931000030,https://www.shilladfs.com/estore/kr/ko/p/5088301
달위니 15년 1000ml,달위니,65.15100000000001,49.0,120.65,127.0,5.0,551,0,0.0,6,Y,1220:싱글몰트 위스키,5082286,111231000021,https://www.shilladfs.com/estore/kr/ko/p/5082286
몰트락 20년 750ml,몰트락,151.525,45.0,261.25,275.0,5.0,123,0,0.0,0,N,1220:싱글몰트 위스키,5082283,111231000019,https://www.shilladfs.com/estore/kr/ko/p/5082283
몰트락 16년 750ml,몰트락,73.53,43.0,122.55,129.0,5.0,276,2,10.0,0,N,1220:싱글몰트 위스키,5082282,111231000018,https://www.shilladfs.com/estore/kr/ko/p/5082282
탱커레이 런던드라이 진 1000ml,탱커레이,17.76,52.0,17.76,37.0,52.0,30,0,0.0,6,Y,1226:스피릿,5082278,111631000003,https://www.shilladfs.com/estore/kr/ko/p/5082278
글렌리벳 TGL TCM DR 1000ml,글렌리벳,44.289,30.0,59.85,63.0,5.0,89,1,10.0,6,Y,1220:싱글몰트 위스키,5081233,110431000017,https://www.shilladfs.com/estore/kr/ko/p/5081233
Scapa Glansa 700ml,글렌리벳,45.695,30.0,61.75,65.0,5.0,20,0,0.0,6,Y,1220:싱글몰트 위스키,5081228,110431000013,https://www.shilladfs.com/estore/kr/ko/p/5081228
펜폴즈 맥스 시라즈 까베르네 750ml,펜폴즈,20.900000000000002,48.0,38.0,40.0,5.0,13,0,0.0,0,N,1221:와인/샴페인,5070910,195231000006,https://www.shilladfs.com/estore/kr/ko/p/5070910
펜폴즈 빈 138 시라 750ml,펜폴즈,33.962500000000006,48.0,61.75,65.0,5.0,26,0,0.0,0,N,1221:와인/샴페인,5070908,195231000004,https://www.shilladfs.com/estore/kr/ko/p/5070908
펜폴즈 맥스 시라 750ml,펜폴즈,20.900000000000002,48.0,38.0,40.0,5.0,11,0,0.0,0,N,1221:와인/샴페인,5070907,195231000001,https://www.shilladfs.com/estore/kr/ko/p/5070907
펜폴즈 빈 128 시라 750ml,펜폴즈,36.708,47.0,65.55,69.0,5.0,32,0,0.0,0,N,1221:와인/샴페인,5070906,195231000003,https://www.shilladfs.com/estore/kr/ko/p/5070906
펜폴즈 빈 28 시라 750ml,펜폴즈,37.467999999999996,35.0,55.1,58.0,5.0,63,0,0.0,0,N,1221:와인/샴페인,5070905,195231000002,https://www.shilladfs.com/estore/kr/ko/p/5070905
산타 마게리타 케트마이어 피노 그리지오 750ml,산타 마게리타,25.389,35.0,27.3,39.0,30.0,32,1,10.0,6,Y,1221:와인/샴페인,5070899,185431000003,https://www.shilladfs.com/estore/kr/ko/p/5070899
올메카 OLMECA REPOSADO 1000ml,올메카,16.53,43.0,16.53,29.0,43.0,9,0,0.0,6,Y,1226:스피릿,5070880,132431000001,https://www.shilladfs.com/estore/kr/ko/p/5070880
펜폴즈 생헨리 시라즈 750ml,펜폴즈,71.25,43.0,118.75,125.0,5.0,70,0,0.0,0,N,1221:와인/샴페인,5070866,195231000011,https://www.shilladfs.com/estore/kr/ko/p/5070866
벨루가 노블 1000ml,벨루가,44.289,30.0,59.85,63.0,5.0,41,1,10.0,0,N,1226:스피릿,5070863,155231000001,https://www.shilladfs.com/estore/kr/ko/p/5070863
티토스 보드카 1000ml,티토스,12.771,57.0,12.9,30.0,57.0,16,1,10.0,6,Y,1226:스피릿,5070861,154331000001,https://www.shilladfs.com/estore/kr/ko/p/5070861
펜폴즈 빈 8 시라즈 까베르네 750ml,펜폴즈,20.900000000000002,48.0,38.0,40.0,5.0,52,0,0.0,0,N,1221:와인/샴페인,5070862,195231000008,https://www.shilladfs.com/estore/kr/ko/p/5070862
펠러 비달 아이스 와인 375ml,펠러,40.071000000000005,46.0,70.3,74.0,5.0,75,0,0.0,0,N,1221:와인/샴페인,5071014,117631000001,https://www.shilladfs.com/estore/kr/ko/p/5071014
뷰 샤또 브룬 포모롤 2020 750ml,메종에브라,28.224,50.0,50.4,56.0,10.0,10,0,0.0,0,N,1221:와인/샴페인,5071012,117331000003,https://www.shilladfs.com/estore/kr/ko/p/5071012
원글라스 와인 상그리아 100ml,원글라스 와인,3.0,40.0,3.0,5.0,40.0,43,6,10.0,0,N,1221:와인/샴페인,5071032,118831000009,https://www.shilladfs.com/estore/kr/ko/p/5071032
달모어 시가 몰트 1000ml,달모어,,,173.85,183.0,5.0,675,7,10.0,0,N,1220:싱글몰트 위스키,5070717,114431000011,https://www.shilladfs.com/estore/kr/ko/p/5070717
바카디 Black 1000ml,바카디,12.25,51.0,12.25,25.0,51.0,7,0,0.0,6,Y,1226:스피릿,5070839,113431000005,https://www.shilladfs.com/estore/kr/ko/p/5070839
바카디 Superior 1000ml,바카디,10.12,56.0,10.12,23.0,56.0,54,0,0.0,6,Y,1226:스피릿,5070836,113431000002,https://www.shilladfs.com/estore/kr/ko/p/5070836
글렌데브론 16년 1000ml,글렌데브론,47.025000000000006,48.0,85.5,90.0,5.0,75,0,0.0,6,Y,1220:싱글몰트 위스키,5070792,113531000008,https://www.shilladfs.com/estore/kr/ko/p/5070792
에버펠디 12년 1000ml,에버펠디,40.774,45.0,70.3,74.0,5.0,142,0,0.0,0,N,1220:싱글몰트 위스키,5070789,113531000005,https://www.shilladfs.com/estore/kr/ko/p/5070789
바카디 리몬 1000ml,바카디,11.0,56.0,11.0,25.0,56.0,17,0,0.0,6,Y,1226:스피릿,5070694,113431000016,https://www.shilladfs.com/estore/kr/ko/p/5070694
듀어스 18년 1000ml,듀어스,53.371,50.0,100.7,106.0,5.0,406,1,10.0,0,N,1211:블렌디드 위스키,5070787,113531000003,https://www.shilladfs.com/estore/kr/ko/p/5070787
바카디 마티니 비안코 1000ml,바카디,7.31,57.0,7.31,17.0,57.0,21,0,0.0,6,Y,1221:와인/샴페인,5070782,113431000011,https://www.shilladfs.com/estore/kr/ko/p/5070782
단즈카 애플 1000ml,단즈카,10.450000000000001,48.0,19.0,20.0,5.0,9,2,10.0,0,N,1226:스피릿,5070684,130631000003,https://www.shilladfs.com/estore/kr/ko/p/5070684
봄베이 사파이어 오리지널 200ml,봄베이 사파이어,7.738499999999999,48.0,11.55,15.0,23.0,37,1,10.0,6,Y,1226:스피릿,5070774,113131000005,https://www.shilladfs.com/estore/kr/ko/p/5070774
보테가 프로세코 골드 스파클링 750ml,보테가,26.334,40.0,41.8,44.0,5.0,223,3,8.0,0,N,1221:와인/샴페인,5070676,112331000004,https://www.shilladfs.com/estore/kr/ko/p/5070676
오타드 엑스트라 700ml,오타드,201.6,50.0,320.0,400.0,20.0,39,0,0.0,0,N,1213:꼬냑,5070753,113331000006,https://www.shilladfs.com/estore/kr/ko/p/5070753
그레이구스 La Poire 1000ml,그레이 구스,26.255,56.0,52.51,59.0,11.0,15,1,8.0,6,Y,1226:스피릿,5070744,113231000005,https://www.shilladfs.com/estore/kr/ko/p/5070744
그레이구스 Le Citron 1000ml,그레이 구스,26.7801,55.0,52.51,59.0,11.0,22,0,0.0,6,Y,1226:스피릿,5070743,113231000004,https://www.shilladfs.com/estore/kr/ko/p/5070743
그레이구스 Orange 1000ml,그레이 구스,25.37,57.0,25.37,59.0,57.0,18,0,0.0,6,Y,1226:스피릿,5070742,113231000003,https://www.shilladfs.com/estore/kr/ko/p/5070742
앱솔루트 100 1000ml,앱솔루트,16.2855,53.0,16.45,35.0,53.0,14,0,0.0,6,Y,1226:스피릿,5070733,110731000007,https://www.shilladfs.com/estore/kr/ko/p/5070733
앱솔루트 Apeach 1000ml,앱솔루트,14.04,48.0,14.04,27.0,48.0,22,0,0.0,6,Y,1226:스피릿,5070731,110731000003,https://www.shilladfs.com/estore/kr/ko/p/5070731
마텔 XO 1500ml,마텔,331.73999999999995,43.0,552.9,582.0,5.0,53,0,0.0,6,Y,1213:꼬냑,5070725,110631000003,https://www.shilladfs.com/estore/kr/ko/p/5070725
마텔 Cordon Bleu 1500ml,마텔,268.46999999999997,43.0,447.45,471.0,5.0,35,0,0.0,6,Y,1213:꼬냑,5070724,110631000002,https://www.shilladfs.com/estore/kr/ko/p/5070724
마텔 Cordon Bleu 1000ml,마텔,170.43,43.0,284.05,299.0,5.0,159,0,0.0,0,N,1213:꼬냑,5070723,110631000001,https://www.shilladfs.com/estore/kr/ko/p/5070723
베일리스 Original 1000ml,베일리스,19.979999999999997,46.0,33.3,37.0,10.0,65,0,0.0,0,N,1226:스피릿,5070444,111431000001,https://www.shilladfs.com/estore/kr/ko/p/5070444
수정방 레드포춘 500ml,수정방,40.85,53.0,81.7,86.0,5.0,196,2,10.0,0,N,1216:중국술,5070442,111331000003,https://www.shilladfs.com/estore/kr/ko/p/5070442
Scapa Skiren 700ml,글렌리벳,28.06,54.0,28.06,61.0,54.0,23,0,0.0,6,Y,1220:싱글몰트 위스키,5069998,110431000012,https://www.shilladfs.com/estore/kr/ko/p/5069998
시바스리갈 Icon 700ml,시바스리갈,2741.9,30.0,2741.9,3917.0,30.0,5,0,0.0,3,Y,1211:블렌디드 위스키,5070402,110331000012,https://www.shilladfs.com/estore/kr/ko/p/5070402
시바스리갈 12년 200ml,시바스리갈,7.701649999999999,30.0,10.45,11.0,5.0,73,0,0.0,6,Y,1211:블렌디드 위스키,5070401,110331000006,https://www.shilladfs.com/estore/kr/ko/p/5070401
코인트로 1000ml,코인트로,22.5,50.0,22.5,45.0,50.0,30,0,0.0,5,Y,1226:스피릿,5070386,085131000022,https://www.shilladfs.com/estore/kr/ko/p/5070386
캐나디언 클럽 12년 1000ml,캐나디언클럽,23.6645,50.0,44.65,47.0,5.0,53,0,0.0,6,Y,1211:블렌디드 위스키,5070544,109831000006,https://www.shilladfs.com/estore/kr/ko/p/5070544
짐빔 블랙 1000ml,짐빔,19.636499999999998,50.0,37.05,39.0,5.0,159,0,0.0,0,N,1211:블렌디드 위스키,5070542,109831000003,https://www.shilladfs.com/estore/kr/ko/p/5070542
폴리냑 XO 로얄 1000ml,폴리냑,120.06000000000002,48.0,207.0,230.0,10.0,51,0,0.0,0,N,1213:꼬냑,5070531,109431000001,https://www.shilladfs.com/estore/kr/ko/p/5070531
샤보 VSOP Gold 1000ml,샤보,28.7,59.0,28.7,70.0,59.0,45,1,2.0,6,Y,1213:Cognac,5069719,109131000001,https://www.shilladfs.com/estore/kr/ko/p/5069719
시크릿 스페이사이드 Glen Keith 25년 700ml,글렌리벳,267.14,30.0,361.0,380.0,5.0,366,8,10.0,0,N,1220:싱글몰트 위스키,5065831,110431000025,https://www.shilladfs.com/estore/kr/ko/p/5065831
펜폴즈 야타나 샤르도네 750ml,펜폴즈,142.44299999999998,40.0,226.1,238.0,5.0,65,0,0.0,1,Y,1221:와인/샴페인,4576367,195231000013,https://www.shilladfs.com/estore/kr/ko/p/4576367
보테가 브루넬로 리제르바 750ml,보테가,104.13900000000001,40.0,165.3,174.0,5.0,34,0,0.0,6,Y,1221:와인/샴페인,4456859,112331000003,https://www.shilladfs.com/estore/kr/ko/p/4456859
펠러 쓰리팩 아이스 와인 200ml*3,펠러,74.1855,46.0,130.15,137.0,5.0,106,1,10.0,0,N,1221:와인/샴페인,3738765,117631000003,https://www.shilladfs.com/estore/kr/ko/p/3738765
조니워커 18년 750ml,조니워커,56.0,50.0,56.0,112.0,50.0,1118,7,9.71428571,0,N,1211:블렌디드 위스키,3651371,046331000045,https://www.shilladfs.com/estore/kr/ko/p/3651371
레미마틴 클럽 1000ml,레미마틴,75.9,45.0,75.9,138.0,45.0,54,0,0.0,6,Y,1213:꼬냑,3334624,085131000006,https://www.shilladfs.com/estore/kr/ko/p/3334624
보테가 스타 더스트 750ml,보테가,84.98700000000001,40.0,134.9,142.0,5.0,72,0,0.0,0,N,1221:와인/샴페인,3331513,112331000013,https://www.shilladfs.com/estore/kr/ko/p/3331513
보모어 10년 다크앤인텐스 1000ml,보모어,,,62.1,69.0,10.0,284,2,10.0,0,N,1220:싱글몰트 위스키,3331486,114231000010,https://www.shilladfs.com/estore/kr/ko/p/3331486
달모어 15년 1000ml,달모어,,,174.8,184.0,5.0,828,3,10.0,0,N,1220:싱글몰트 위스키,3331485,114431000001,https://www.shilladfs.com/estore/kr/ko/p/3331485
보테가 아마로네 리제르바 750ml,보테가,100.548,40.0,159.6,168.0,5.0,46,0,0.0,0,N,1221:와인/샴페인,3302005,112331000001,https://www.shilladfs.com/estore/kr/ko/p/3302005
루이13 LXIII 700ml,루이13,2372.5,35.0,2372.5,3650.0,35.0,68,0,0.0,1,Y,1213:Cognac,276053,085131000004,https://www.shilladfs.com/estore/kr/ko/p/276053
레미마틴 브이에스오피 1000ml,레미마틴,53.04,48.0,53.04,102.0,48.0,293,1,10.0,6,Y,1213:꼬냑,276044,085131000001,https://www.shilladfs.com/estore/kr/ko/p/276044
이니스킬린 아이스와인 트리플 팩 200ml*3,이니스킬린,99.275,48.0,180.5,190.0,5.0,53,0,0.0,0,N,1221:Wine & Champagne,275926,083731000007,https://www.shilladfs.com/estore/kr/ko/p/275926
이니스킬린 Reserve Vidal 375ml,이니스킬린,40.755,48.0,74.1,78.0,5.0,59,1,10.0,0,N,1221:Wine & Champagne,275815,083731000005,https://www.shilladfs.com/estore/kr/ko/p/275815
이니스킬린 스파클링 비달 375ml,이니스킬린,47.025000000000006,48.0,85.5,90.0,5.0,67,2,10.0,0,N,1221:와인/샴페인,275924,083731000006,https://www.shilladfs.com/estore/kr/ko/p/275924
